time_Myr,N_stars,N_BH,N_NS,N_WD,N_Merged,N_VMS,COM_x_pc,COM_y_pc,COM_z_pc,orbital_radius_pc,velocity_kms,cluster_radius_pc,velocity_dispersion_kms,avg_q,avg_friction_accel_km_s_Myr,avg_gas_density_Msun_pc3
0.0,856,0,0,0,0,0,100.000451786,0.000273876937162,0.000267229270612,100.000451787,55.0377619265,0.158771626618,6.68470359362,0.0,0.0,1345.80218259
0.001,856,0,0,0,0,0,100.000460148,0.0563599386182,0.00514409078909,100.000476162,55.0377318486,0.159688235613,6.66571826707,0.0,0.00165362005166,1345.82987798
0.001,856,0,0,0,0,0,100.000460148,0.0563599386182,0.00514409078909,100.000476162,55.0377318486,0.159688235613,6.66571826707,0.0,0.00165362005166,1345.82987798
0.002,856,0,0,0,0,0,100.000397717,0.11243180432,0.0100197172493,100.000461423,55.0377498315,0.160679616502,6.63900141261,0.0,0.00165072688728,1345.84499372
0.003,856,0,0,0,0,0,100.000264496,0.168503590347,0.0148953356553,100.000407572,55.0378158804,0.161846600483,6.60308400613,0.0,0.001648725361,1345.84716753
0.004,856,0,0,0,0,0,100.000060484,0.224575257004,0.0197709421023,100.000314608,55.037929995,0.161710724906,6.55202765348,0.0,0.00164934627859,1345.82353319
0.005,856,0,0,0,0,0,99.999785613,0.280660920496,0.0246477635844,100.000182503,55.0380921704,0.162211947145,6.50508884815,0.0,0.0016515550271,1345.7961309
0.006,856,0,0,0,0,0,99.9994400207,0.336732229324,0.029523334398,100.000011323,55.0383024063,0.164796894602,6.45623175113,0.0,0.00164800997602,1345.77342591
0.007,856,0,0,0,0,0,99.999023533,0.392817455478,0.0344001124252,99.9998009822,55.0385607022,0.166055577865,6.43307170595,0.0,0.00165146059533,1345.74175341
0.008,856,0,0,0,0,0,99.9985364832,0.448874091965,0.0392744011034,99.9995516451,55.0388670627,0.165545990144,6.45648238391,0.0,0.00164732905458,1345.69081198
0.009,856,0,0,0,0,0,99.9979785202,0.50494456632,0.0441498891788,99.9992631291,55.0392214921,0.164078288289,6.42458471783,0.0,0.00164066318949,1345.61273534
0.01,856,0,0,0,0,0,99.9973494496,0.561042994222,0.0490278035939,99.9989353439,55.0396239748,0.166726280362,6.40329641635,0.0,0.00163762450952,1345.51298537
0.011,856,0,0,0,0,0,99.9966501712,0.617091480607,0.0539013707043,99.9985687533,55.0400745174,0.167980489258,6.39740699788,0.0,0.00163228355929,1345.39993728
0.012,856,0,0,0,0,0,99.9958797406,0.67316784089,0.0587773563192,99.9981628572,55.0405731264,0.168901247053,6.33678300583,0.0,0.00163284858951,1345.26430217
0.013,856,0,0,0,0,0,99.9950386172,0.729236646865,0.0636526794089,99.997717903,55.0411197933,0.167487631563,6.3085582613,0.0,0.00163453315234,1345.12784486
0.014,856,0,0,0,0,0,99.9941264735,0.785319091588,0.0685291823088,99.9972337194,55.0417145144,0.166191897128,6.29009506359,0.0,0.00163693332571,1344.9882777
0.015,856,0,0,0,0,0,99.9931437702,0.841386825185,0.0734043994761,99.9967105511,55.0423572885,0.166780983432,6.27944176954,0.0,0.00163473357863,1344.85176629
0.016,856,0,0,0,0,0,99.992090277,0.89745396304,0.0782795578247,99.9961482722,55.043048119,0.167408114482,6.25519855795,0.0,0.00163208213074,1344.70079146
0.017,856,0,0,0,0,0,99.9909657101,0.95353462009,0.0831558842235,99.9955467349,55.0437869996,0.166781619023,6.26493577183,0.0,0.0016301008984,1344.54729197
0.018,856,0,0,0,0,0,99.989770939,1.0095862929,0.0880296824617,99.994906401,55.0445739335,0.169982692176,6.30098877087,0.0,0.00163086807939,1344.38243183
0.019,856,0,0,0,0,0,99.9885047569,1.06566555961,0.0929058716628,99.9942266239,55.045408919,0.169392119584,6.32126257068,0.0,0.00162927244916,1344.20743129
0.02,856,0,0,0,0,0,99.9871681047,1.12172991749,0.0977807556851,99.9935079127,55.0462919494,0.167789021418,6.32296963285,0.0,0.0016254499179,1344.02137036
0.021,856,0,0,0,0,0,99.985760663,1.17779348112,0.102655561363,99.9927500922,55.0472230276,0.166445442791,6.36017279484,0.0,0.001629817505,1343.83796155
0.022,856,0,0,0,0,0,99.9842824317,1.23385621079,0.10753028479,99.9919531627,55.0482021517,0.167689743973,6.36805044792,0.0,0.00163558135199,1343.64908393
0.023,856,0,0,0,0,0,99.9827334109,1.2899180668,0.112404922062,99.9911171245,55.0492293194,0.169374403208,6.4017416374,0.0,0.00163691428901,1343.45885099
0.024,856,0,0,0,0,0,99.9811133963,1.34598608607,0.117280084592,99.9902418696,55.0503045261,0.165701737864,6.40751327313,0.0,0.0016378643991,1343.27391319
0.025,856,0,0,0,0,0,99.9794225835,1.40205315214,0.122155153142,99.9893275057,55.0514277669,0.164956650777,6.36996198163,0.0,0.00164799706426,1343.08902022
0.026,856,0,0,0,0,0,99.9776611948,1.45811214893,0.127029508513,99.9883741518,55.0525990419,0.164117262019,6.36097537913,0.0,0.00164849548497,1342.89342653
0.027,856,0,0,0,0,0,99.9758290169,1.51417011322,0.131903762106,99.9873816907,55.0538183509,0.161859034698,6.39548581179,0.0,0.00163421901028,1342.68931954
0.028,856,0,0,0,0,0,99.9739255696,1.57024115752,0.136779140548,99.9863498664,55.0550856863,0.159603102633,6.45299320475,0.0,0.0016351475473,1342.49161676
0.029,856,0,0,0,0,0,99.9719520627,1.62628986171,0.14165256361,99.9852793335,55.0564010477,0.159240273188,6.5592504249,0.0,0.00163523777499,1342.28287986
0.03,856,0,0,0,0,0,99.9699072597,1.68235156605,0.146527103667,99.9841694195,55.0577644347,0.156132770815,6.63621496389,0.0,0.00163936509298,1342.07717663
0.031,856,0,0,0,0,0,99.967791926,1.73840500322,0.15140091108,99.9830205422,55.0591758418,0.153145554479,6.68685263033,0.0,0.00164031000318,1341.86478929
0.032,856,0,0,0,0,0,99.9656058034,1.79445720931,0.156274597182,99.9818325601,55.0606352682,0.152669492851,6.75901784743,0.0,0.00163657042636,1341.65913811
0.033,856,0,0,0,0,0,99.9633483224,1.85052229532,0.161149388454,99.9806051678,55.0621427058,0.155723280096,6.82842182342,0.0,0.00163768189786,1341.45877295
0.034,856,0,0,0,0,0,99.9610209164,1.90656484491,0.166022205037,99.9793391433,55.0636981538,0.156045563219,6.8847110861,0.0,0.00163821098422,1341.25333653
0.035,856,0,0,0,0,0,99.9586221253,1.96262019447,0.170896118925,99.9780336909,55.0653016112,0.154261267536,6.87911641101,0.0,0.00163580987825,1341.0426924
0.036,856,0,0,0,0,0,99.9561528486,2.01866707906,0.175769280715,99.9766893026,55.0669530721,0.156768827036,6.86426336586,0.0,0.00163463207562,1340.8259209
0.037,856,0,0,0,0,0,99.9536121423,2.07472668327,0.180643531908,99.9753054668,55.0686525303,0.157090868052,6.83570006049,0.0,0.0016372330318,1340.60411519
0.038,856,0,0,0,0,0,99.951001289,2.13077066874,0.185516408096,99.9738828827,55.0703999824,0.159590746889,6.7547650025,0.0,0.00163597098718,1340.37924275
0.039,856,0,0,0,0,0,99.9483199861,2.18680607077,0.190388520535,99.9724213802,55.0721954318,0.159549886385,6.70391529555,0.0,0.0016343713943,1340.15828804
0.04,856,0,0,0,0,0,99.9455673829,2.24285053524,0.195261403026,99.9709204971,55.0740388734,0.161710924829,6.59243014789,0.0,0.00163192519719,1339.93709666
0.041,856,0,0,0,0,0,99.9427439874,2.29889341101,0.200134129029,99.9693805138,55.0759302998,0.160984656522,6.52931757779,0.0,0.00163094041411,1339.71710603
0.042,856,0,0,0,0,0,99.9398492516,2.35494526884,0.20500761718,99.967801135,55.0778697029,0.160228188252,6.48838970978,0.0,0.00162901612527,1339.49305716
0.043,856,0,0,0,0,0,99.936884833,2.41097423773,0.209879095969,99.9661832628,55.0798570825,0.16399639764,6.46745750225,0.0,0.00162688791663,1339.27233085
0.044,856,0,0,0,0,0,99.9338488693,2.46701564553,0.214751636549,99.9645258794,55.0818924365,0.166290918969,6.41866705816,0.0,0.00162487989577,1339.05069371
0.045,856,0,0,0,0,0,99.9307425014,2.52304823249,0.21962339003,99.9628296103,55.0839757582,0.167055335464,6.41190111312,0.0,0.00162223579866,1338.82494954
0.046,856,0,0,0,0,0,99.927565346,2.57907903213,0.224494967487,99.9610942449,55.0861070454,0.167929928962,6.37440118412,0.0,0.00162209306086,1338.59524883
0.047,856,0,0,0,0,0,99.9243169934,2.63511507728,0.229366979933,99.959319562,55.0882862912,0.166424378421,6.4247934098,0.0,0.00162273192644,1338.3594787
0.048,856,0,0,0,0,0,99.9209978448,2.69114925538,0.234238808514,99.9575057834,55.0905134883,0.166353366421,6.45112927863,0.0,0.0016221300499,1338.12293873
0.049,856,0,0,0,0,0,99.917608328,2.74717445456,0.239109834446,99.9556531417,55.0927886343,0.167713024713,6.50566597027,0.0,0.00162214425276,1337.88250235
0.05,856,0,0,0,0,0,99.9141480244,2.80319770741,0.243980668715,99.9537614069,55.0951117268,0.164055242968,6.5453916067,0.0,0.00163011680771,1337.64211103
0.051,856,0,0,0,0,0,99.9106160425,2.8592331174,0.248852537059,99.9518300963,55.0974827559,0.164716411626,6.55733984274,0.0,0.00162016173448,1337.39564553
0.052,856,0,0,0,0,0,99.9070141654,2.91525235832,0.253722976271,99.9498601855,55.0999017164,0.166611660723,6.5565576309,0.0,0.00162088250384,1337.14693014
0.053,856,0,0,0,0,0,99.9033417336,2.97126599809,0.258592904701,99.9478513099,55.1023686095,0.163851248106,6.56846449663,0.0,0.0016237213991,1336.89877818
0.054,856,0,0,0,0,0,99.8995980473,3.02728460344,0.263463240586,99.9458030883,55.1048834285,0.165598604666,6.56040531664,0.0,0.00162765102769,1336.64905222
0.055,856,0,0,0,0,0,99.895783811,3.08329752825,0.268333057882,99.943715908,55.1074461668,0.164560820672,6.56229513045,0.0,0.00162835772197,1336.39660856
0.056,856,0,0,0,0,0,99.8918982982,3.13931533842,0.273203274743,99.9415893732,55.1100568178,0.166139743745,6.57080954787,0.0,0.00162848534683,1336.14570973
0.057,856,0,0,0,0,0,99.8879419905,3.19533092364,0.278073272539,99.9394237503,55.1127153735,0.166078206823,6.58841386596,0.0,0.00163171925265,1335.89593436
0.058,856,0,0,0,0,0,99.8839153962,3.25133717439,0.282942432718,99.9372193165,55.1154218304,0.165616332724,6.61898364824,0.0,0.00163131492922,1335.64603566
0.059,856,0,0,0,0,0,99.8798180162,3.30734112091,0.287811366035,99.9349757974,55.1181761855,0.164910579968,6.6366396741,0.0,0.0016316755457,1335.39578923
0.06,856,0,0,0,0,0,99.8756493245,3.36334979253,0.29268068316,99.9326929078,55.1209784303,0.164064482838,6.63047340145,0.0,0.00163489203803,1335.14557568
0.061,856,0,0,0,0,0,99.8714098385,3.41935608005,0.297549765569,99.9303709339,55.1238285563,0.163711426489,6.58305673051,0.0,0.00163266710804,1334.89399742
0.062,856,0,0,0,0,0,99.8671001022,3.47535287514,0.302417994829,99.9280101727,55.1267265599,0.163792464861,6.54459264965,0.0,0.00163223631962,1334.64318909
0.063,856,0,0,0,0,0,99.8627195808,3.53134720685,0.307285981579,99.9256103301,55.1296724373,0.162333410375,6.52868532268,0.0,0.00162417059605,1334.39400153
0.064,856,0,0,0,0,0,99.8582682744,3.58733903539,0.312153721905,99.9231714072,55.1326661821,0.162792891391,6.48902884619,0.0,0.00162323446111,1334.14637126
0.065,856,0,0,0,0,0,99.8537456124,3.64333538852,0.317021826322,99.9206930941,55.1357077853,0.160194566213,6.47451433191,0.0,0.00161568703428,1333.89996325
0.066,856,0,0,0,0,0,99.8491521567,3.69932915855,0.321889676456,99.9181757019,55.138797238,0.160481200103,6.46236144236,0.0,0.00161894680135,1333.65338603
0.067,856,0,0,0,0,0,99.8444884963,3.75531323875,0.32675665403,99.9156195523,55.141934536,0.15950490382,6.46399739532,0.0,0.00161262056652,1333.40587139
0.068,856,0,0,0,0,0,99.8397540515,3.81129465656,0.331623369524,99.9130243265,55.145119675,0.160623496787,6.45186596595,0.0,0.00161688514248,1333.15831822
0.069,856,0,0,0,0,0,99.8349488225,3.86727337217,0.336489819024,99.9103900259,55.1483526481,0.159984626453,6.43249713243,0.0,0.00162055963042,1332.91100954
0.07,856,0,0,0,0,0,99.8300715784,3.92326347755,0.341357227139,99.9077159804,55.1516334435,0.162420989465,6.4647325863,0.0,0.00162468666476,1332.6641428
0.071,856,0,0,0,0,0,99.8251247815,3.97923666932,0.346223132906,99.9050035412,55.1549620542,0.161691757584,6.47297442906,0.0,0.00162858330796,1332.41753561
0.072,856,0,0,0,0,0,99.8201072009,4.03520703943,0.351088760933,99.9022520305,55.1583384782,0.158326624386,6.46649855876,0.0,0.00162910303056,1332.17152943
0.073,856,0,0,0,0,0,99.8150188367,4.09117454806,0.355954107304,99.8994614494,55.1617627081,0.158396696583,6.48464771179,0.0,0.00163066453098,1331.9262906
0.074,856,0,0,0,0,0,99.8098583867,4.1471532843,0.360820396345,99.8966310888,55.1652347319,0.160639868981,6.51773448254,0.0,0.00163651451096,1331.68200592
0.075,856,0,0,0,0,0,99.8046291162,4.20310788639,0.365684553574,99.8937627388,55.1687545445,0.162708132879,6.52951998226,0.0,0.00163846413274,1331.43987689
0.076,856,0,0,0,0,0,99.7993277333,4.25907363531,0.37054964553,99.8908545929,55.1723221407,0.16437006782,6.56442660955,0.0,0.00163687976892,1331.1978222
0.077,856,0,0,0,0,0,99.7939562367,4.3150292997,0.375413826118,99.8879077505,55.1759375105,0.163984586599,6.60007764929,0.0,0.00163569744313,1330.95684974
0.078,856,0,0,0,0,0,99.7885139575,4.37098190342,0.38027770547,99.884921844,55.1796006484,0.163456973292,6.64589558071,0.0,0.00163587230928,1330.71678088
0.079,856,0,0,0,0,0,99.7829981121,4.42695965684,0.385143735398,99.8818953552,55.1833115366,0.162796264253,6.6322681717,0.0,0.00162841288953,1330.4779394
0.08,856,0,0,0,0,0,99.7774156778,4.48289189538,0.390005772735,99.8788321097,55.1870701718,0.161619958782,6.61261870908,0.0,0.00162401055258,1330.24079482
0.081,856,0,0,0,0,0,99.7717610517,4.538835078,0.39486872487,99.8757290263,55.1908765558,0.162421144805,6.52642274664,0.0,0.00162780841475,1330.00495006
0.082,856,0,0,0,0,0,99.7660356437,4.59477504054,0.399731360097,99.8725868839,55.1947306751,0.160701558914,6.47012275737,0.0,0.00162549208567,1329.76766795
0.083,856,0,0,0,0,0,99.7602379906,4.65072586501,0.404594902046,99.8694048849,55.1986325164,0.160052026633,6.45086401653,0.0,0.00162481493591,1329.52951916
0.084,856,0,0,0,0,0,99.7543710194,4.70665926778,0.409456891702,99.8661846366,55.2025820712,0.159719275203,6.47502160877,0.0,0.00162669534184,1329.29090833
0.085,856,0,0,0,0,0,99.7484340163,4.76258227077,0.414317939003,99.862925743,55.206579338,0.159542562595,6.50734350633,0.0,0.00162836305379,1329.0527228
0.086,856,0,0,0,0,0,99.7424247241,4.81851601396,0.419179881062,99.859626968,55.2106243057,0.158699095695,6.57099806529,0.0,0.00163431366188,1328.81486332
0.087,856,0,0,0,0,0,99.7363454095,4.87443927802,0.424040872969,99.8562895594,55.2147169629,0.160650005221,6.68398734045,0.0,0.00163386000385,1328.57822818
0.088,856,0,0,0,0,0,99.7301945377,4.93036614155,0.428902138018,99.8529126759,55.2188573008,0.163244469561,6.73477579257,0.0,0.00163683191159,1328.3430319
0.089,856,0,0,0,0,0,99.7239728766,4.98628950539,0.43376305868,99.8494967424,55.2230453078,0.161371219116,6.80155367115,0.0,0.0016388896091,1328.10939374
0.09,856,0,0,0,0,0,99.7176812203,5.04220227175,0.438623017559,99.8460421943,55.2272809774,0.159301580972,6.89573550247,0.0,0.00163937838494,1327.8759384
0.091,856,0,0,0,0,0,99.711318784,5.09811145907,0.443482624254,99.8425485999,55.2315643027,0.160647475228,6.9522361219,0.0,0.00164928908754,1327.64442824
0.092,856,0,0,0,0,0,99.7048855678,5.15401702744,0.448341874843,99.8390159609,55.2358952743,0.158511641694,6.99685131049,0.0,0.00164450230282,1327.4149318
0.093,856,0,0,0,0,0,99.6983799299,5.20993305005,0.45320199209,99.835443381,55.2402738779,0.157574137176,6.98245579106,0.0,0.00166836095728,1327.18753595
0.094,856,0,0,0,0,0,99.6918059845,5.26582420473,0.45805990541,99.8318331189,55.2447001064,0.160332414115,6.91548024863,0.0,0.00166879808021,1326.9622662
0.095,856,0,0,0,0,0,99.685159591,5.32172573239,0.462918677404,99.8281829002,55.2491739525,0.157715862438,6.83465572633,0.0,0.0016511675771,1326.73895436
0.096,856,0,0,0,0,0,99.6784432574,5.37761642582,0.467776464357,99.8244941057,55.2536954041,0.156860945759,6.74600045525,0.0,0.00164743702682,1326.51749258
0.097,856,0,0,0,0,0,99.6716552882,5.43351035535,0.472634488751,99.8207658057,55.2582644514,0.157551969452,6.66320360843,0.0,0.00163559460467,1326.29756707
0.098,856,0,0,0,0,0,99.6647965316,5.4894004259,0.477492133458,99.8169984695,55.262881082,0.15904941147,6.62567189992,0.0,0.00163138570489,1326.07791123
0.099,856,0,0,0,0,0,99.6578678623,5.54527954385,0.482348781498,99.813192577,55.2675452885,0.159192852219,6.62242502123,0.0,0.00162143758733,1325.859864
0.1,856,0,0,0,0,0,99.6508684149,5.60115472342,0.487205042053,99.8093476525,55.2722570636,0.163361411187,6.56160978111,0.0,0.00160963073798,1325.64382268
0.101,856,0,0,0,0,0,99.6437981896,5.65702592465,0.4920609112,99.8054636976,55.2770163972,0.163655114952,6.56866866581,0.0,0.0016040341536,1325.42873988
0.102,856,0,0,0,0,0,99.6366562853,5.71290015975,0.496916997925,99.8015402208,55.2818232768,0.164646283393,6.58028857959,0.0,0.00160304192359,1325.21526556
0.103,856,0,0,0,0,0,99.6294435946,5.76877033609,0.501772685341,99.7975777161,55.2866776899,0.165918460134,6.57020696629,0.0,0.00159977039469,1325.0031459
0.104,856,0,0,0,0,0,99.6221610372,5.82462936255,0.506627356714,99.7935766881,55.2915796288,0.167457211623,6.5376498215,0.0,0.00160067512256,1324.79271453
0.105,856,0,0,0,0,0,99.6148077028,5.88048425081,0.511481620978,99.7895366366,55.2965290856,0.167845859416,6.55520000641,0.0,0.00160790044881,1324.583953
0.106,856,0,0,0,0,0,99.6073817175,5.93634906106,0.516336699618,99.7854565374,55.3015260451,0.166328429658,6.58526068452,0.0,0.00161425465226,1324.37673133
0.107,856,0,0,0,0,0,99.5998868301,5.99219555298,0.521190137883,99.781338452,55.3065704967,0.162839354682,6.68069917149,0.0,0.00161999181664,1324.17099528
0.108,856,0,0,0,0,0,99.5923221215,6.04803073774,0.526042544658,99.777181871,55.3116624372,0.164556269108,6.7082838537,0.0,0.00161743151433,1323.96612026
0.109,856,0,0,0,0,0,99.5846847181,6.10387572184,0.530895753764,99.7729852191,55.3168018533,0.164517783536,6.71034345732,0.0,0.00161583526035,1323.76256836
0.11,856,0,0,0,0,0,99.576977503,6.15970931932,0.535747923577,99.7687500842,55.3219887317,0.165206536661,6.69082537466,0.0,0.00160897481644,1323.56008297
0.111,856,0,0,0,0,0,99.5691975488,6.21555263339,0.540600887594,99.7644748614,55.3272230587,0.166307872213,6.62880888102,0.0,0.00160901065693,1323.35809809
0.112,856,0,0,0,0,0,99.5613468016,6.27139152818,0.545453416897,99.7601606258,55.3325048182,0.167775512375,6.56964240381,0.0,0.00160421605847,1323.15788186
0.113,856,0,0,0,0,0,99.5534292605,6.32719777867,0.550303058242,99.7558095687,55.3378340087,0.16611431149,6.47590062876,0.0,0.00159824067899,1322.95925644
0.114,856,0,0,0,0,0,99.5454389454,6.38301362344,0.555153481782,99.7514184016,55.3432106237,0.165856485526,6.38386945488,0.0,0.00159193944566,1322.7610519
0.115,856,0,0,0,0,0,99.5373778559,6.43882492999,0.56000345893,99.7469882292,55.3486346468,0.1677052004,6.35350165051,0.0,0.00159311111221,1322.56367192
0.116,856,0,0,0,0,0,99.5292439394,6.49464574732,0.564854210073,99.742517929,55.3541060612,0.167328447373,6.3186169737,0.0,0.00159234866967,1322.36772636
0.117,856,0,0,0,0,0,99.5210413021,6.55044785728,0.569703282644,99.7380097597,55.3596248554,0.163806043879,6.32285085434,0.0,0.00159495412375,1322.17310196
0.118,856,0,0,0,0,0,99.5127678913,6.60624530888,0.57455189703,99.7334625908,55.3651910224,0.164473549879,6.38942180238,0.0,0.00159653564521,1321.97966856
0.119,856,0,0,0,0,0,99.5044237073,6.66203806207,0.579400049299,99.7288764244,55.3708045503,0.164568919534,6.51594708668,0.0,0.00159421359061,1321.7875906
0.12,856,0,0,0,0,0,99.4960066258,6.71784016111,0.584248959373,99.7242500988,55.3764654223,0.162944678366,6.59485075932,0.0,0.00159148878931,1321.59698068
0.121,856,0,0,0,0,0,99.4875208962,6.77362339727,0.58909617561,99.7195859513,55.3821736263,0.163773449644,6.68630857638,0.0,0.0015915698075,1321.40745902
0.122,856,0,0,0,0,0,99.4789643941,6.82940181482,0.593942917932,99.7148828122,55.3879291551,0.165753898765,6.75374437113,0.0,0.00158740701496,1321.21910182
0.123,856,0,0,0,0,0,99.4703371199,6.88517537368,0.598789182404,99.7101406837,55.3937319964,0.164326657537,6.82271984197,0.0,0.00158094705858,1321.03187725
0.124,856,0,0,0,0,0,99.461639074,6.94094403376,0.603634965093,99.7053595677,55.3995821378,0.16293423555,6.86345476942,0.0,0.0015782816693,1320.84561562
0.125,856,0,0,0,0,0,99.4528691496,6.99671479406,0.608480873689,99.70053886,55.4054795645,0.157559383735,6.85814443897,0.0,0.00157431012985,1320.660537
0.126,856,0,0,0,0,0,99.4440295609,7.05247353629,0.613325681004,99.6956797794,55.4114242639,0.159154172973,6.77752765286,0.0,0.00157514368149,1320.47662899
0.127,856,0,0,0,0,0,99.4351180765,7.10823429729,0.618170606229,99.6907811014,55.4174162232,0.160904321945,6.71596655844,0.0,0.00158121758668,1320.29300186
0.128,856,0,0,0,0,0,99.4261369462,7.16398296126,0.623014422424,99.6858440647,55.4234554297,0.161234402399,6.67641412667,0.0,0.00158246064096,1320.11005032
0.129,856,0,0,0,0,0,99.4170827604,7.21974059903,0.627858959903,99.6808667989,55.4295418677,0.162351304605,6.6423134039,0.0,0.00158433186068,1319.92837063
0.13,856,0,0,0,0,0,99.4079612413,7.27547198834,0.632701157916,99.6758524497,55.4356755268,0.161107424383,6.63543995785,0.0,0.00158866636427,1319.74799938
0.131,856,0,0,0,0,0,99.3987666405,7.33121226925,0.637544069144,99.6707978569,55.4418563961,0.159722874597,6.63580941465,0.0,0.00159069073025,1319.56878938
0.132,856,0,0,0,0,0,99.3895024308,7.38694029519,0.642385855844,99.6657049338,55.4480844599,0.160360011142,6.68854443601,0.0,0.00158969597641,1319.39071956
0.133,856,0,0,0,0,0,99.380167452,7.44266306127,0.647227125323,99.6605730427,55.4543597073,0.160786289939,6.71646369652,0.0,0.00158515882004,1319.21374696
0.134,856,0,0,0,0,0,99.3707593299,7.49839459386,0.652069095745,99.6554008842,55.4606821201,0.161708182916,6.75059414254,0.0,0.0015850336547,1319.03758009
0.135,856,0,0,0,0,0,99.3612828139,7.55410671976,0.656909318964,99.6501910716,55.4670516848,0.15834878877,6.75914926128,0.0,0.00158374748123,1318.86222739
0.136,856,0,0,0,0,0,99.3517355298,7.60981346531,0.661749013141,99.6449422977,55.4734683928,0.159332567667,6.71579547319,0.0,0.00158127622352,1318.68766878
0.137,856,0,0,0,0,0,99.3421174778,7.66551479035,0.666588174338,99.6396545647,55.4799322306,0.161057467564,6.70657354479,0.0,0.00157905022845,1318.51348772
0.138,856,0,0,0,0,0,99.3324286584,7.72121065468,0.671426798613,99.634327875,55.4864431846,0.161023886957,6.69847644005,0.0,0.00157728684332,1318.33926522
0.139,856,0,0,0,0,0,99.3226666079,7.7769150778,0.676266103453,99.6289608803,55.4930012362,0.160689662891,6.63645515955,0.0,0.00157133407147,1318.16445144
0.14,856,0,0,0,0,0,99.3128374954,7.83259287102,0.681103031411,99.6235569723,55.4996063739,0.161438723987,6.57401724404,0.0,0.00156512855362,1317.98957154
0.141,856,0,0,0,0,0,99.3029351258,7.88827914052,0.685940631842,99.6181127453,55.5062585866,0.162309377647,6.50281253456,0.0,0.00156359262181,1317.81479126
0.142,856,0,0,0,0,0,99.2929632398,7.94395276008,0.690777069004,99.6126302602,55.5129578576,0.160901629527,6.51704417854,0.0,0.00156080985046,1317.63917836
0.143,856,0,0,0,0,0,99.2829180526,7.99963477193,0.695614170402,99.6071074402,55.5197041705,0.162727307879,6.53996246274,0.0,0.00155849123492,1317.46393012
0.144,856,0,0,0,0,0,99.272805912,8.05529000152,0.700448879978,99.6015477755,55.5264975136,0.162951012268,6.61955110888,0.0,0.00156441328126,1317.28927346
0.145,856,0,0,0,0,0,99.2626215689,8.11094739341,0.70528371168,99.5959483788,55.5333378774,0.163074405614,6.68023037959,0.0,0.00156184169282,1317.1156207
0.146,856,0,0,0,0,0,99.2523654891,8.16660427141,0.710118432568,99.590309512,55.5402252429,0.163616683602,6.62344406358,0.0,0.00156205675851,1316.94236514
0.147,856,0,0,0,0,0,99.2420397776,8.22224918001,0.714952047093,99.5846323346,55.547159596,0.164339401691,6.62130124211,0.0,0.00155755456147,1316.77091776
0.148,856,0,0,0,0,0,99.2316406773,8.27790227239,0.719786305408,99.5789147855,55.5541409194,0.167743121808,6.62470376673,0.0,0.00156077467185,1316.60102155
0.149,856,0,0,0,0,0,99.2211747593,8.33352839224,0.724618153249,99.5731604778,55.5611692011,0.170197057015,6.62510585146,0.0,0.00155742603166,1316.43287438
0.15,856,0,0,0,0,0,99.2106354265,8.3891626131,0.729450636765,99.5673657847,55.5682444289,0.171010846255,6.58822708522,0.0,0.0015599543303,1316.26674767
0.151,856,0,0,0,0,0,99.2000266608,8.44478382835,0.734281922142,99.5615328998,55.5753665854,0.168275553649,6.57329944853,0.0,0.00156345736362,1316.1026593
0.152,856,0,0,0,0,0,99.1893444365,8.50041306025,0.739113834924,99.5556596141,55.5825356535,0.167409330321,6.53771030235,0.0,0.00156445050636,1315.94044569
0.153,856,0,0,0,0,0,99.178594146,8.55602218711,0.743943932033,99.5497488948,55.5897516184,0.168017563882,6.51002450358,0.0,0.00156416519998,1315.78019893
0.154,856,0,0,0,0,0,99.1677744596,8.61161819053,0.748772819452,99.5438000072,55.5970144725,0.169197990362,6.5218267807,0.0,0.00156479982713,1315.62182029
0.155,856,0,0,0,0,0,99.1568812709,8.66722208584,0.753602322048,99.5378106978,55.6043241982,0.16753813899,6.51539110112,0.0,0.00156316458337,1315.46448446
0.156,856,0,0,0,0,0,99.145918696,8.72281277785,0.758430607127,99.5317832343,55.6116807781,0.168633255507,6.51207798441,0.0,0.00155902009914,1315.30807383
0.157,856,0,0,0,0,0,99.1348825748,8.7784112772,0.763259499095,99.5257153339,55.6190841945,0.168056307342,6.49104981495,0.0,0.00155454116153,1315.15263713
0.158,856,0,0,0,0,0,99.1237756753,8.83400350903,0.76808777504,99.519608525,55.6265344272,0.166758953216,6.47005753836,0.0,0.00155206951007,1314.99823342
0.159,856,0,0,0,0,0,99.1126036405,8.88956137345,0.772912994028,99.5134659044,55.6340314704,0.16556994907,6.50110946717,0.0,0.0015498447427,1314.84468563
0.16,856,0,0,0,0,0,99.1013580249,8.94512692101,0.777738807731,99.5072828272,55.6415753137,0.162284212017,6.47765203187,0.0,0.00154943732772,1314.69160472
0.161,856,0,0,0,0,0,99.09004165,9.00068608158,0.782563993705,99.5010608514,55.6491659362,0.163313137948,6.51873470286,0.0,0.0015513481717,1314.53877857
0.162,856,0,0,0,0,0,99.0786537977,9.05624232103,0.787388852498,99.4947995854,55.656803321,0.160694962093,6.5817803813,0.0,0.00155246794396,1314.38649804
0.163,856,0,0,0,0,0,99.0671908434,9.11181312728,0.79221490239,99.4884970463,55.6644874433,0.161039387684,6.66317489815,0.0,0.00155135850388,1314.23436261
0.164,856,0,0,0,0,0,99.0556651039,9.16733886298,0.797036963746,99.4821600033,55.6722182932,0.161758111541,6.75624342257,0.0,0.00154584317623,1314.08231773
0.165,856,0,0,0,0,0,99.0440656962,9.22287207182,0.801859599237,99.4757824684,55.6799958632,0.162897337637,6.87119968488,0.0,0.00154857327004,1313.92993335
0.166,856,0,0,0,0,0,99.032392585,9.27841271007,0.806682804579,99.4693644329,55.6878201269,0.162364526484,6.87105594258,0.0,0.00154633339129,1313.77729264
0.167,856,0,0,0,0,0,99.0206516633,9.33393270065,0.811504141079,99.4629091393,55.695691068,0.15980377332,6.89544726612,0.0,0.00154438371728,1313.62427012
0.168,856,0,0,0,0,0,99.0088414762,9.38943901398,0.816324213623,99.4564157844,55.7036086774,0.158173092961,6.92974748598,0.0,0.0015373148788,1313.4710813
0.169,856,0,0,0,0,0,98.9969575422,9.44495263126,0.821144843724,99.4498819087,55.7115729361,0.156207745284,6.91035475745,0.0,0.00153671164653,1313.3175984
0.17,856,0,0,0,0,0,98.9850043525,9.50045249128,0.825964202031,99.4433099865,55.7195838251,0.155786048107,6.87815790935,0.0,0.00153516284956,1313.16382573
0.171,856,0,0,0,0,0,98.9729796488,9.55594906269,0.830783197149,99.4366987775,55.7276413289,0.155694328633,6.86153670617,0.0,0.00153769228,1313.01065127
0.172,856,0,0,0,0,0,98.9608845676,9.61143705112,0.835601368895,99.4300489099,55.7357454304,0.153958017899,6.86019217958,0.0,0.00153843365023,1312.85815936
0.173,856,0,0,0,0,0,98.9487171942,9.66692517055,0.840419473468,99.4233593353,55.7438961107,0.15791691745,6.8630444728,0.0,0.00153994945273,1312.70715736
0.174,856,0,0,0,0,0,98.9364809865,9.72239762351,0.845236138709,99.416631957,55.7520933535,0.156914722726,6.84836766358,0.0,0.00153495787607,1312.55797319
0.175,856,0,0,0,0,0,98.9241732486,9.77786662424,0.850052424736,99.409865294,55.7603371436,0.16089330381,6.87025095909,0.0,0.00153573942348,1312.41013468
0.176,856,0,0,0,0,0,98.9117931908,9.83333563164,0.854868631417,99.4030589179,55.7686274601,0.159804562192,6.92096381136,0.0,0.00153288613272,1312.26421473
0.177,856,0,0,0,0,0,98.8993447241,9.88878710423,0.859683235235,99.3962149808,55.7769642869,0.160133861514,6.94166933852,0.0,0.00153442724643,1312.12029327
0.178,856,0,0,0,0,0,98.8868255053,9.94423150236,0.864497143983,99.3893321942,55.7853476104,0.155438367153,6.9157897326,0.0,0.00153073098792,1311.97825902
0.179,856,0,0,0,0,0,98.8742355348,9.99966878549,0.869310353694,99.382410561,55.7937774129,0.159070085902,6.91120526234,0.0,0.0015299556335,1311.83764316
0.18,856,0,0,0,0,0,98.861574014,10.0551024116,0.874123164146,99.375449646,55.8022536757,0.160707965123,6.92826824257,0.0,0.00152841702643,1311.6990356
0.181,856,0,0,0,0,0,98.848841738,10.1105288412,0.878935267584,99.3684498903,55.81077638,0.159505226797,6.97533900203,0.0,0.00152794491386,1311.56245904
0.182,856,0,0,0,0,0,98.8360378992,10.1659515313,0.883746963693,99.3614108537,55.8193455067,0.159952777837,6.94961865951,0.0,0.00153190734881,1311.42782684
0.183,856,0,0,0,0,0,98.8231649265,10.2213599491,0.888557337589,99.3543338735,55.8279610393,0.161816186209,6.93595241689,0.0,0.00153365728611,1311.29495456
0.184,856,0,0,0,0,0,98.8102212044,10.2767610491,0.893366992611,99.3472180623,55.8366229624,0.164559869679,6.90507579895,0.0,0.00153921656681,1311.16316074
0.185,856,0,0,0,0,0,98.7972034478,10.3321687756,0.898177138857,99.3400616211,55.845331253,0.164483313729,6.83870734842,0.0,0.00154173102117,1311.0329249
0.186,856,0,0,0,0,0,98.7841182283,10.3875551183,0.902985344217,99.3328681656,55.8540858932,0.164229745766,6.71494137317,0.0,0.00153978517033,1310.90470668
0.187,856,0,0,0,0,0,98.7709622608,10.4429340216,0.907792818789,99.3256358887,55.8628868698,0.163641607111,6.66253837011,0.0,0.00153704982229,1310.77865328
0.188,856,0,0,0,0,0,98.7577355458,10.4983054447,0.912599558602,99.3183647937,55.8717341645,0.165529643011,6.62810605492,0.0,0.00153694055149,1310.65418484
0.189,856,0,0,0,0,0,98.7444347266,10.5536833243,0.917406773012,99.3110530423,55.8806277542,0.165712633127,6.58919443875,0.0,0.00154081665471,1310.53132216
0.19,856,0,0,0,0,0,98.7310682054,10.6090326776,0.922211424813,99.3037052544,55.8895676229,0.164289258923,6.59480022354,0.0,0.00153769006403,1310.4099819
0.191,856,0,0,0,0,0,98.7176275543,10.6643884032,0.92701654298,99.2963167979,55.8985537546,0.166682200771,6.63082200414,0.0,0.00153603672178,1310.28990599
0.192,856,0,0,0,0,0,98.7041178539,10.7197294995,0.931820304014,99.2888904709,55.9075861282,0.168175857881,6.64318264558,0.0,0.0015319889414,1310.17132911
0.193,856,0,0,0,0,0,98.6905374085,10.7750629124,0.936623310414,99.2814253421,55.9166647277,0.166960897447,6.6466629331,0.0,0.00153284158775,1310.05395344
0.194,856,0,0,0,0,0,98.6768853568,10.8303920932,0.941425861299,99.2739209423,55.925789533,0.165979705886,6.60387315842,0.0,0.00153136834215,1309.93756315
0.195,856,0,0,0,0,0,98.6631608243,10.8857204917,0.946228255643,99.2663767969,55.9349605218,0.168701538742,6.53244393961,0.0,0.00152431115652,1309.82225656
0.196,856,0,0,0,0,0,98.6493681465,10.9410306105,0.951028974277,99.2587952911,55.9441776765,0.168904198556,6.51673516391,0.0,0.00151662666325,1309.70848385
0.197,856,0,0,0,0,0,98.6355047255,10.9963328832,0.955828922364,99.2511749969,55.953440982,0.170198124506,6.51642376967,0.0,0.00150907430603,1309.59563811
0.198,856,0,0,0,0,0,98.621568803,11.051634249,0.960628701727,99.2435149531,55.9627504171,0.169336455726,6.46694898522,0.0,0.00150246919797,1309.48371883
0.199,856,0,0,0,0,0,98.6075621294,11.1069276863,0.965427702483,99.235816127,55.9721059602,0.170542568545,6.46791078701,0.0,0.00149518866387,1309.37302457
0.2,856,0,0,0,0,0,98.5934882589,11.1621991985,0.970224709437,99.2280804712,55.9815075976,0.168382624644,6.52978997138,0.0,0.00149468467653,1309.26266267
0.201,856,0,0,0,0,0,98.5793400848,11.2174766565,0.975022141031,99.2203040827,55.9909553101,0.168082047495,6.54993087084,0.0,0.00149645103824,1309.15388278
0.202,856,0,0,0,0,0,98.5651231801,11.2727382159,0.979818100985,99.2124900298,56.0004490766,0.169156409361,6.59807047677,0.0,0.001499526306,1309.04684275
0.203,856,0,0,0,0,0,98.5508314785,11.3280073782,0.98461462845,99.2046349836,56.0099888751,0.168517656129,6.68338670244,0.0,0.00150050960792,1308.94201135
0.204,856,0,0,0,0,0,98.53647287,11.3832535877,0.98940907121,99.1967432843,56.0195746861,0.16442206825,6.76800471817,0.0,0.00150146054311,1308.83895829
0.205,856,0,0,0,0,0,98.5220435224,11.4384916251,0.994202711555,99.1888128244,56.0292064953,0.161094607634,6.84692857855,0.0,0.00149916609744,1308.73795901
0.206,856,0,0,0,0,0,98.5075434364,11.4937214496,0.998995545498,99.1808436077,56.0388842832,0.162092514517,6.95185665236,0.0,0.00149972693957,1308.63921981
0.207,856,0,0,0,0,0,98.4929726125,11.5489430204,1.00378756905,99.1728356376,56.0486080301,0.163554981151,7.05491586428,0.0,0.00150338972729,1308.54301705
0.208,856,0,0,0,0,0,98.4783292029,11.6041632664,1.00857938303,99.1647879042,56.0583777138,0.161992550429,7.11465397216,0.0,0.00150079272977,1308.44951155
0.209,856,0,0,0,0,0,98.4636150476,11.6593751759,1.01337037853,99.1567014238,56.0681933122,0.163367454212,7.08312588172,0.0,0.00149860299834,1308.35871974
0.21,856,0,0,0,0,0,98.4488320131,11.7145717406,1.01815994697,99.1485772237,56.0780548076,0.161647508049,7.10138453736,0.0,0.00150034100125,1308.27016115
0.211,856,0,0,0,0,0,98.4339782428,11.7697598883,1.02294868907,99.1404142848,56.0879621827,0.160656153589,7.12631526572,0.0,0.00150259656031,1308.18351682
0.212,856,0,0,0,0,0,98.4190518534,11.8249465435,1.0277372052,99.1322115775,56.097915415,0.159698072935,7.04447263764,0.0,0.00150913069501,1308.0974731
0.213,856,0,0,0,0,0,98.4040547205,11.8801246987,1.03252488689,99.1239701381,56.107914482,0.162868304657,6.98692205848,0.0,0.00151654203577,1308.01259946
0.214,856,0,0,0,0,0,98.3889887463,11.93528735,1.03731112597,99.1156910132,56.1179593658,0.163010530841,6.930868821,0.0,0.00152340659049,1307.92894859
0.215,856,0,0,0,0,0,98.3738520386,11.9904414208,1.04209652273,99.1073731643,56.1280500487,0.162904393289,6.89325538732,0.0,0.00152456498639,1307.84602752
0.216,856,0,0,0,0,0,98.3586445979,12.04558687,1.04688107316,99.0990165953,56.1381865101,0.16521109515,6.87345569218,0.0,0.00152295074679,1307.76295694
0.217,856,0,0,0,0,0,98.3433657017,12.1007262668,1.05166499972,99.0906209133,56.1483687286,0.168657510452,6.87643859896,0.0,0.00152671368335,1307.67992512
0.218,856,0,0,0,0,0,98.3280155859,12.1558586996,1.05644822287,99.0821862528,56.1585966818,0.168568892744,6.78153654499,0.0,0.0015218201351,1307.59672642
0.219,856,0,0,0,0,0,98.3125949766,12.2109815177,1.06123051218,99.0737130164,56.1688703487,0.16664820905,6.72762151989,0.0,0.00152304145948,1307.51359479
0.22,856,0,0,0,0,0,98.2971036322,12.2660955499,1.06601193913,99.0652010747,56.1791897084,0.172098823729,6.71539610779,0.0,0.0015159749266,1307.4302542
0.221,856,0,0,0,0,0,98.2815386068,12.3212111888,1.07079340485,99.0566488157,56.1895547364,0.167234871341,6.66080327487,0.0,0.00151310757953,1307.34700286
0.222,856,0,0,0,0,0,98.2659067806,12.3763040493,1.07557279342,99.0480600222,56.1999654126,0.167340232311,6.58436458421,0.0,0.00150855272613,1307.26444783
0.223,856,0,0,0,0,0,98.2502042255,12.4313880017,1.08035130768,99.0394325355,56.2104217209,0.166585188731,6.48408994179,0.0,0.00150838853236,1307.18252776
0.224,856,0,0,0,0,0,98.2344309421,12.4864630048,1.08512894364,99.0307663593,56.2209236402,0.165590131358,6.35850427221,0.0,0.00150250099081,1307.101461
0.225,856,0,0,0,0,0,98.2185869311,12.5415290178,1.08990569728,99.0220614978,56.2314711491,0.165692917474,6.29454607804,0.0,0.0015005343107,1307.02117114
0.226,856,0,0,0,0,0,98.2026681751,12.5965998992,1.09468277033,99.0133157515,56.2420642215,0.164747399024,6.27851230518,0.0,0.00149958979524,1306.94142636
0.227,856,0,0,0,0,0,98.1866847284,12.6516408599,1.09945714458,99.0045346457,56.2527028387,0.163059831413,6.31578913369,0.0,0.00149336220263,1306.86223159
0.228,856,0,0,0,0,0,98.1706265112,12.7066866036,1.1042318299,98.9957126444,56.2633869818,0.165452582399,6.42848758658,0.0,0.00149304192675,1306.78344205
0.229,856,0,0,0,0,0,98.1544995956,12.7617162453,1.10900501425,98.9868530892,56.274116627,0.166115518014,6.58472196166,0.0,0.00148870057381,1306.70529425
0.23,856,0,0,0,0,0,98.1383019553,12.8167366915,1.11377729626,98.9779548685,56.2848917552,0.167014311862,6.72487822537,0.0,0.00148784519163,1306.62810524
0.231,856,0,0,0,0,0,98.1220325643,12.8717513732,1.11854897307,98.9690174235,56.2957123438,0.167869884513,6.93493057984,0.0,0.00148827514689,1306.55223766
0.232,856,0,0,0,0,0,98.1056924455,12.9267567766,1.12331973948,98.9600413208,56.30657837,0.166472678163,7.0523130298,0.0,0.00148602706728,1306.47805219
0.233,856,0,0,0,0,0,98.0892805638,12.9817563315,1.12808989249,98.9510259966,56.3174898109,0.16760195945,7.1440065839,0.0,0.00148807050857,1306.4054327
0.234,856,0,0,0,0,0,98.0728000314,13.0367395848,1.13285852507,98.9419731633,56.3284466462,0.167766658766,7.23381331968,0.0,0.00149225443952,1306.33436851
0.235,856,0,0,0,0,0,98.0562445991,13.0917273158,1.13762743893,98.9328793939,56.3394488516,0.164635759854,7.23995656654,0.0,0.0014881089971,1306.26504663
0.236,856,0,0,0,0,0,98.0396247227,13.1466847875,1.14239362101,98.9237504336,56.350496408,0.163357133779,7.16598703782,0.0,0.00149055422906,1306.19707851
0.237,856,0,0,0,0,0,98.0229320279,13.2016397142,1.14715947441,98.9145816821,56.3615892982,0.161956135596,7.08371571057,0.0,0.00149671741565,1306.13019608
0.238,856,0,0,0,0,0,98.0061664975,13.256592052,1.15192499486,98.905373138,56.3727274956,0.162087002831,7.05946082734,0.0,0.00150250197649,1306.06456864
0.239,856,0,0,0,0,0,97.9893323644,13.3115278883,1.15668897539,98.8961271301,56.3839109781,0.160501121563,7.08669517531,0.0,0.00150663377861,1305.99976423
0.24,856,0,0,0,0,0,97.9724253792,13.3664610511,1.16145261472,98.8868413283,56.3951397234,0.160480928802,7.05482616338,0.0,0.00150735126793,1305.93584748
0.241,856,0,0,0,0,0,97.9554498104,13.4213776323,1.16621470633,98.8775180809,56.4064137095,0.158265132576,6.98237030109,0.0,0.00150391156754,1305.87294102
0.242,856,0,0,0,0,0,97.9384013729,13.476291455,1.17097644847,98.8681550384,56.417732914,0.161711337683,6.93762148457,0.0,0.00149438673239,1305.81104798
0.243,856,0,0,0,0,0,97.921284371,13.5311886162,1.17573663509,98.8587545687,56.4290973146,0.164460541464,6.87082644538,0.0,0.00148743910859,1305.75006793
0.244,856,0,0,0,0,0,97.9040923144,13.5860898625,1.18049706472,98.8493131133,56.4405068864,0.164856405208,6.83208761527,0.0,0.00147707378294,1305.68970282
0.245,856,0,0,0,0,0,97.8868338821,13.6409674386,1.18525533027,98.8398354426,56.4519616069,0.164503714028,6.7919765833,0.0,0.00147472540069,1305.63062188
0.246,856,0,0,0,0,0,97.8695047357,13.6958351603,1.19001262926,98.8303191739,56.4634614582,0.166779796913,6.81126760271,0.0,0.00147163657508,1305.5721053
0.247,856,0,0,0,0,0,97.8521048759,13.7506929863,1.19476895766,98.8207643115,56.4750064176,0.166726022551,6.76415590757,0.0,0.00146874592243,1305.51411682
0.248,856,0,0,0,0,0,97.8346343032,13.8055408752,1.19952431144,98.8111708598,56.4865964622,0.1662753256,6.75715562213,0.0,0.00147052138421,1305.45714241
0.249,856,0,0,0,0,0,97.81708859,13.8603926302,1.20427988688,98.8015363956,56.4982315642,0.167461950652,6.72669737865,0.0,0.00147116836393,1305.40103829
0.25,856,0,0,0,0,0,97.7994788171,13.9152136001,1.20903267934,98.7918670056,56.509911703,0.167734048943,6.64298057342,0.0,0.00147480663216,1305.34562968
0.251,856,0,0,0,0,0,97.7817938782,13.9700383497,1.21378568502,98.7821565933,56.5216368578,0.169352962402,6.59399200343,0.0,0.00147475415608,1305.29087418
0.252,856,0,0,0,0,0,97.7640404615,14.0248460771,1.21853710009,98.7724088372,56.533407003,0.166960840366,6.52411635487,0.0,0.00147362701143,1305.23675126
0.253,856,0,0,0,0,0,97.7462163355,14.0796436607,1.2232875204,98.7626225141,56.5452221179,0.169798652836,6.5211333326,0.0,0.00147098743087,1305.18317729
0.254,856,0,0,0,0,0,97.7283169832,14.1344448909,1.22803814098,98.7527951524,56.5570821742,0.167770283802,6.60142820257,0.0,0.00147125165017,1305.13002019
0.255,856,0,0,0,0,0,97.7103537086,14.1892151482,1.2327859603,98.7429329603,56.5689871512,0.165041234417,6.73727331481,0.0,0.0014656333859,1305.07744465
0.256,856,0,0,0,0,0,97.6923151824,14.2439889654,1.23753397144,98.7330297199,56.5809370281,0.164111210367,6.82676982673,0.0,0.00146241372466,1305.02554842
0.257,856,0,0,0,0,0,97.6742082266,14.2987455599,1.24228037244,98.7230891828,56.5929317791,0.167994894192,6.8897325911,0.0,0.00146404349812,1304.97516378
0.258,856,0,0,0,0,0,97.6560282705,14.3534987142,1.24702635754,98.713108844,56.6049713811,0.166544795038,7.00807867567,0.0,0.00147034915872,1304.92584945
0.259,856,0,0,0,0,0,97.6377799041,14.4082345655,1.25177072467,98.7030912274,56.6170558107,0.163352091297,7.16680266429,0.0,0.00147671677834,1304.87795804
0.26,856,0,0,0,0,0,97.6194585211,14.4629668911,1.25651466758,98.6930338087,56.6291850442,0.162870813126,7.21314687634,0.0,0.00147873064974,1304.83131324
0.261,856,0,0,0,0,0,97.6010687471,14.5176818333,1.26125698471,98.6829391312,56.6413590582,0.160249585197,7.22267806157,0.0,0.00147784210857,1304.78538579
0.262,856,0,0,0,0,0,97.5826082705,14.5723862588,1.26599827077,98.6728059283,56.6535778313,0.159407555419,7.18220949282,0.0,0.00148131571543,1304.73950652
0.263,856,0,0,0,0,0,97.5640747528,14.62708703,1.2707391201,98.6626329228,56.6658413372,0.154679890253,7.10244924286,0.0,0.00148276339973,1304.69346528
0.264,856,0,0,0,0,0,97.5454705249,14.6817772001,1.27547893016,98.6524214005,56.6781495495,0.152917230373,7.00705891939,0.0,0.00147999397936,1304.64749652
0.265,856,0,0,0,0,0,97.5267979448,14.7364498261,1.2802170988,98.6421726579,56.6905024464,0.156740105702,7.04021181828,0.0,0.0014721692202,1304.60173998
0.266,856,0,0,0,0,0,97.5080546651,14.7911117692,1.2849542202,98.6318854088,56.7029000063,0.156593980325,7.06944059023,0.0,0.00146988686856,1304.5559594
0.267,856,0,0,0,0,0,97.4892359368,14.8457767851,1.28969148601,98.6215570553,56.7153421999,0.157062194823,7.02521610121,0.0,0.00147530124773,1304.51057148
0.268,856,0,0,0,0,0,97.4703512601,14.9004172376,1.29442650083,98.611192816,56.7278290029,0.159748359361,6.97505247255,0.0,0.00146494501835,1304.46574027
0.269,856,0,0,0,0,0,97.4513958862,14.9550468824,1.29916045628,98.6007900847,56.7403603958,0.16077653468,6.9698438026,0.0,0.0014615811457,1304.42145967
0.27,856,0,0,0,0,0,97.4323698158,15.009665678,1.30389334832,98.5903488662,56.7529363542,0.161643021972,6.91129912198,0.0,0.00145838231738,1304.37818883
0.271,856,0,0,0,0,0,97.4132730497,15.0642735826,1.3086251729,98.5798691654,56.7655568535,0.160678952037,6.87293890604,0.0,0.00145418491251,1304.33596271
0.272,856,0,0,0,0,0,97.3941007497,15.1188843384,1.3133571203,98.5693483361,56.7782218643,0.16256325028,6.80318611314,0.0,0.00145267686501,1304.29594342
0.273,856,0,0,0,0,0,97.3748625945,15.1734703362,1.3180867978,98.5587916939,56.790931362,0.162634117171,6.7780533391,0.0,0.0014477152264,1304.25751357
0.274,856,0,0,0,0,0,97.3555549648,15.2280418737,1.32281509725,98.5481972519,56.8036853283,0.165630131565,6.79961498602,0.0,0.00145010777646,1304.22106668
0.275,856,0,0,0,0,0,97.3361742007,15.2826092419,1.32754290986,98.5375630075,56.8164837371,0.165090789067,6.71261136779,0.0,0.00145088150764,1304.18675295
0.276,856,0,0,0,0,0,97.3167239682,15.337162067,1.33226933637,98.5268909778,56.8293265628,0.164133412282,6.72930291772,0.0,0.0014501235536,1304.1544133
0.277,856,0,0,0,0,0,97.2972005806,15.3917106359,1.33699526759,98.5161791457,56.8422137791,0.164147892698,6.7828549752,0.0,0.00145504211705,1304.12417549
0.278,856,0,0,0,0,0,97.2776064941,15.4462480207,1.34172010285,98.5054288654,56.855145359,0.163393906801,6.75165507933,0.0,0.00145602498863,1304.0969578
0.279,856,0,0,0,0,0,97.2579441914,15.5007672976,1.34644324187,98.4946415017,56.86812128,0.162416481882,6.77489319623,0.0,0.00145440653524,1304.07228921
0.28,856,0,0,0,0,0,97.2382112003,15.5552753082,1.35116527696,98.4838157007,56.8811415194,0.166505204865,6.82907042701,0.0,0.00145899840807,1304.04980391
0.281,856,0,0,0,0,0,97.2184025221,15.6097857691,1.35588739589,98.4729487288,56.8942060473,0.163789294915,6.89452385023,0.0,0.00146093171041,1304.02887708
0.282,856,0,0,0,0,0,97.1985281569,15.6642711219,1.36060721091,98.4620460768,56.9073148385,0.159626339557,6.86393744607,0.0,0.00146092052707,1304.0095935
0.283,856,0,0,0,0,0,97.1785856235,15.7187382068,1.36532531416,98.4511063818,56.9204678751,0.158538362848,6.81669176962,0.0,0.00146042612303,1303.99161897
0.284,856,0,0,0,0,0,97.1585673608,15.7732076093,1.37004348838,98.440125503,56.9336651293,0.159637191207,6.79491112006,0.0,0.00144971423027,1303.97441426
0.285,856,0,0,0,0,0,97.1384809406,15.8276586617,1.37475994285,98.4291076007,56.9469065733,0.161565949986,6.79654455212,0.0,0.00144835749925,1303.95792564
0.286,856,0,0,0,0,0,97.1183187483,15.8821119409,1.37947645944,98.4180485048,56.9601921791,0.161252833919,6.84776077278,0.0,0.00144091900582,1303.94187014
0.287,856,0,0,0,0,0,97.0980909624,15.9365399171,1.38419065322,98.4069538033,56.9735219215,0.160418386384,6.90251633963,0.0,0.00143407817259,1303.92618367
0.288,856,0,0,0,0,0,97.077792495,15.9909562924,1.38890371056,98.3958207058,56.9868957797,0.161821106491,6.92397773598,0.0,0.00142607096597,1303.91091174
0.289,856,0,0,0,0,0,97.057423347,16.0453610249,1.39361562738,98.3846492177,57.0003137283,0.160696303594,7.01058498642,0.0,0.00142029626582,1303.89636344
0.29,856,0,0,0,0,0,97.036978359,16.0997678048,1.39832758891,98.3734365185,57.0137757369,0.161260340025,7.04824016567,0.0,0.00141854104272,1303.88250003
0.291,856,0,0,0,0,0,97.0164704414,16.1541422613,1.403036618,98.3621896912,57.0272817822,0.160826473042,7.10061111812,0.0,0.001420264945,1303.86854777
0.292,856,0,0,0,0,0,96.9958866588,16.2085186769,1.40774568321,98.3509016447,57.0408318412,0.160880651126,7.12636105,0.0,0.00141808530223,1303.85401589
0.293,856,0,0,0,0,0,96.975234797,16.2628764187,1.41245299727,98.3395766557,57.0544258857,0.160734216255,7.14988272627,0.0,0.00142312759846,1303.83985119
0.294,856,0,0,0,0,0,96.9545122591,16.317222308,1.41715915046,98.3282133028,57.0680638921,0.16147372347,7.18118552248,0.0,0.00143061259524,1303.82635728
0.295,856,0,0,0,0,0,96.9337164212,16.3715631614,1.4218647326,98.3168101542,57.0817458321,0.163060669033,7.13918755548,0.0,0.00143843902495,1303.81324201
0.296,856,0,0,0,0,0,96.9128525337,16.4258852196,1.4265685518,98.3053700939,57.0954716798,0.163907557578,7.15205707973,0.0,0.0014365622933,1303.80048775
0.297,856,0,0,0,0,0,96.8919153301,16.4802021547,1.43127179152,98.2938902391,57.109241409,0.164806818297,7.11197487309,0.0,0.00143268949902,1303.78805442
0.298,856,0,0,0,0,0,96.8709100966,16.5345002136,1.43597326042,98.2823734932,57.1230549936,0.164280362165,7.04444319572,0.0,0.00143169100121,1303.77655252
0.299,856,0,0,0,0,0,96.8498341915,16.5887862098,1.44067354805,98.2708184107,57.1369124099,0.162167839684,6.97452441824,0.0,0.00142720062736,1303.76631916
0.3,856,0,0,0,0,0,96.8286822771,16.6430738033,1.44537383667,98.2592220744,57.1508136269,0.163287162835,6.91907646807,0.0,0.00142387240715,1303.75747982
0.301,856,0,0,0,0,0,96.8074650316,16.6973355478,1.45007174952,98.2475903436,57.1647586182,0.164126389617,6.89838016149,0.0,0.00141854069515,1303.74969207
0.302,856,0,0,0,0,0,96.7861771173,16.7515851033,1.45476846884,98.2359202927,57.1787473627,0.162763923118,6.88245784568,0.0,0.00141792118261,1303.74327103
0.303,856,0,0,0,0,0,96.7648185353,16.8058224276,1.45946399055,98.2242119275,57.1927798339,0.159895153162,6.85021679166,0.0,0.0014174441638,1303.73862484
0.304,856,0,0,0,0,0,96.7433879338,16.8600509011,1.46415860685,98.2124645131,57.2068560044,0.158847077152,6.89980241821,0.0,0.0014182777646,1303.73564864
0.305,856,0,0,0,0,0,96.721886662,16.9142670584,1.46885201729,98.2006787951,57.2209758464,0.159852909886,6.92004275967,0.0,0.00141763793621,1303.73381256
0.306,856,0,0,0,0,0,96.7003160822,16.9684674365,1.47354392166,98.1888555246,57.2351393347,0.161799375562,6.90461166544,0.0,0.00141828859823,1303.73286728
0.307,856,0,0,0,0,0,96.6786721066,17.0226622549,1.47823520416,98.176992467,57.2493464415,0.165726549559,6.84801609062,0.0,0.00141240160861,1303.73341693
0.308,856,0,0,0,0,0,96.6569547185,17.0768514683,1.48292586041,98.1650896227,57.2635971353,0.166319247245,6.7908745776,0.0,0.0014073524599,1303.73535238
0.309,856,0,0,0,0,0,96.6351721497,17.1310145203,1.4876141106,98.1531515064,57.2778913915,0.167253863115,6.86098744549,0.0,0.00140731359043,1303.73884162
0.31,856,0,0,0,0,0,96.6133216784,17.1851582103,1.4923005429,98.1411766251,57.2922291907,0.164579685759,6.95321152402,0.0,0.00140323744407,1303.74402492
0.311,856,0,0,0,0,0,96.5913950211,17.2393030008,1.49698692799,98.1291604466,57.3066105033,0.163561288943,6.9258096952,0.0,0.00140301830818,1303.75008972
0.312,856,0,0,0,0,0,96.5694004723,17.2934283465,1.50167148716,98.1171075236,57.3210352997,0.163702963078,6.87802572788,0.0,0.00139874142543,1303.75729031
0.313,856,0,0,0,0,0,96.5473352654,17.3475410388,1.50635480779,98.1050163434,57.3355035552,0.16378239369,6.82687403402,0.0,0.00139745625655,1303.76614862
0.314,856,0,0,0,0,0,96.525193813,17.4016546937,1.51103806783,98.0928838538,57.3500152378,0.16164043462,6.82538099538,0.0,0.0014041449177,1303.77608975
0.315,856,0,0,0,0,0,96.5029900962,17.4557351249,1.51571830822,98.0807177189,57.3645703227,0.163265390001,6.84854106217,0.0,0.00140576541773,1303.78708373
0.316,856,0,0,0,0,0,96.4807101092,17.5098164292,1.52039847935,98.0685102676,57.3791687851,0.164077358899,6.86099455195,0.0,0.00141537466064,1303.79863641
0.317,856,0,0,0,0,0,96.4583622804,17.5638780849,1.52507680483,98.0562661254,57.3938105953,0.165948494777,6.94483529566,0.0,0.00142288308015,1303.8111291
0.318,856,0,0,0,0,0,96.4359381387,17.6179405207,1.52975505206,98.0439806587,57.4084957235,0.166539835384,7.09450409797,0.0,0.00142320031679,1303.824538
0.319,856,0,0,0,0,0,96.4134518439,17.6719695829,1.53443026512,98.0316616284,57.4232241448,0.164590745341,7.20035297854,0.0,0.00142908821252,1303.83840323
0.32,856,0,0,0,0,0,96.3908892116,17.7259993355,1.53910539124,98.0193012669,57.437995834,0.166732185182,7.18439300178,0.0,0.00143160266783,1303.85307922
0.321,856,0,0,0,0,0,96.3682587772,17.7800092764,1.54377865592,98.0069042576,57.4528107612,0.169654759048,7.11251616824,0.0,0.00142313083231,1303.86890347
0.322,856,0,0,0,0,0,96.3455576941,17.8340061825,1.54845064514,97.9944690445,57.4676689012,0.170042118365,6.97360366919,0.0,0.0014159195222,1303.88601246
0.323,856,0,0,0,0,0,96.3227802143,17.8880036402,1.55312253395,97.9819924887,57.4825702216,0.168510095515,6.83568730607,0.0,0.00140907352233,1303.90497294
0.324,856,0,0,0,0,0,96.2999320701,17.9419879748,1.55779313875,97.96947774,57.4975146898,0.171688177856,6.75982458379,0.0,0.00140484255426,1303.92546536
0.325,856,0,0,0,0,0,96.2770248318,17.9959318994,1.56246009838,97.9569311327,57.512502288,0.169094531114,6.78359307721,0.0,0.00140211709266,1303.94774725
0.326,856,0,0,0,0,0,96.2540411643,18.0498762414,1.56712694461,97.9443431733,57.5275329934,0.169765848774,6.82160722245,0.0,0.00139929592108,1303.97227349
0.327,856,0,0,0,0,0,96.2309861259,18.1038090381,1.57179264205,97.9317166426,57.5426067728,0.171676984211,6.8345773994,0.0,0.00138848496445,1303.99884488
0.328,856,0,0,0,0,0,96.2078560644,18.1577387536,1.57645792246,97.9190495498,57.5577235941,0.17192139298,6.79854219456,0.0,0.0013856956385,1304.0270034
0.329,856,0,0,0,0,0,96.184663398,18.2116364215,1.58112027965,97.9063486985,57.5728834323,0.169276963036,6.77653282607,0.0,0.0013851675386,1304.05637513
0.33,856,0,0,0,0,0,96.1613942267,18.2655343215,1.5857825055,97.8936064808,57.5880862614,0.165309076976,6.8242160643,0.0,0.00138504631593,1304.08683034
0.331,856,0,0,0,0,0,96.1380573532,18.319412001,1.59044283041,97.8808277249,57.6033320509,0.164379930597,6.86639102275,0.0,0.00138454123337,1304.11878042
0.332,856,0,0,0,0,0,96.1146468871,18.3732830196,1.5951024268,97.8680092109,57.6186207724,0.162101227877,6.86049319426,0.0,0.00138351497904,1304.15163104
0.333,856,0,0,0,0,0,96.091168739,18.4271337358,1.59976011434,97.8551541809,57.6339523981,0.163066019615,6.89728693716,0.0,0.00138099959257,1304.18514763
0.334,856,0,0,0,0,0,96.0676169826,18.4809777024,1.60441706479,97.8422593958,57.6493268995,0.16016287884,6.96399143217,0.0,0.0013785805093,1304.2192142
0.335,856,0,0,0,0,0,96.0439975643,18.5348012846,1.60907209845,97.8293281169,57.6647442486,0.160164470646,7.02495954607,0.0,0.0013797544603,1304.25366878
0.336,856,0,0,0,0,0,96.0203075126,18.5886112358,1.613725799,97.816358721,57.6802044196,0.163760545197,7.01286387266,0.0,0.00138124352229,1304.28791055
0.337,856,0,0,0,0,0,95.9965438293,18.642414304,1.61837874956,97.8033495747,57.6957073819,0.16288566373,6.96414230448,0.0,0.00137802588165,1304.32253965
0.338,856,0,0,0,0,0,95.9727125143,18.6961968649,1.62302977146,97.7903039682,57.7112531071,0.159875727151,6.93090392746,0.0,0.00137722771701,1304.35734666
0.339,856,0,0,0,0,0,95.9488075522,18.7499724538,1.62768003478,97.7772186145,57.7268415671,0.160481922075,6.91383118012,0.0,0.00137627743194,1304.39270178
0.34,856,0,0,0,0,0,95.9248349784,18.8037274533,1.63232836151,97.7640968232,57.7424727336,0.163119380317,6.84737776297,0.0,0.00137496247882,1304.42864348
0.341,856,0,0,0,0,0,95.9007857071,18.8574821755,1.63697650764,97.7509336289,57.7581465758,0.164143667301,6.83581417988,0.0,0.00136981604225,1304.46549497
0.342,856,0,0,0,0,0,95.8766756841,18.9112009649,1.64162138963,97.7377377627,57.7738630683,0.165036021632,6.86940836833,0.0,0.00137215455812,1304.50359827
0.343,856,0,0,0,0,0,95.8524889415,18.9649193865,1.64626608227,97.724500488,57.7896221859,0.16736127881,6.87875940834,0.0,0.00138118267585,1304.54380338
0.344,856,0,0,0,0,0,95.8282323334,19.0186221387,1.65090926206,97.711225566,57.8054238957,0.166531441712,6.87413647977,0.0,0.00138657671447,1304.58691627
0.345,856,0,0,0,0,0,95.8039066334,19.0723074854,1.65555077847,97.6979134241,57.821268171,0.166973282303,6.89074111834,0.0,0.00138481602029,1304.6326486
0.346,856,0,0,0,0,0,95.7795072321,19.1259855479,1.66019150611,97.6845615471,57.8371549819,0.168630080099,6.91769229369,0.0,0.00138413416791,1304.68081872
0.347,856,0,0,0,0,0,95.7550402899,19.1796427334,1.6648302694,97.6711733119,57.8530842996,0.170503543784,6.87753234748,0.0,0.00138453320207,1304.7310172
0.348,856,0,0,0,0,0,95.7305011798,19.2332891595,1.6694679426,97.6577461916,57.8690560967,0.170544749129,6.79700917955,0.0,0.00138009231225,1304.78295278
0.349,856,0,0,0,0,0,95.7058914471,19.2869213967,1.67410422879,97.6442810389,57.8850703432,0.169214748581,6.76945223033,0.0,0.00137624710038,1304.83626114
0.35,856,0,0,0,0,0,95.6812095355,19.3405427859,1.67873941633,97.6307770094,57.901127009,0.168787016301,6.76228618322,0.0,0.0013774088311,1304.89086271
0.351,856,0,0,0,0,0,95.6564569994,19.3941498995,1.68337320848,97.6172349606,57.917226064,0.169724364638,6.79460140489,0.0,0.00137563153804,1304.94642713
0.352,856,0,0,0,0,0,95.6316401061,19.4477291658,1.68800443172,97.6036583231,57.9333674845,0.172104226499,6.83107900465,0.0,0.00137574688554,1305.00259867
0.353,856,0,0,0,0,0,95.6067463247,19.5013075987,1.69263542062,97.5900402476,57.9495512413,0.172493430463,6.73766517658,0.0,0.00137587307787,1305.05952968
0.354,856,0,0,0,0,0,95.5817850734,19.5548648662,1.69726441735,97.5763858946,57.9657773032,0.170722102683,6.67213129422,0.0,0.00137869046605,1305.11740647
0.355,856,0,0,0,0,0,95.5567468919,19.6084212051,1.70189317054,97.5626900976,57.9820456387,0.171358545361,6.63421631294,0.0,0.00138109340642,1305.17584218
0.356,856,0,0,0,0,0,95.5316475894,19.6619427803,1.7065187555,97.5489615081,57.998356221,0.17186523725,6.5878412092,0.0,0.00138335674323,1305.23450499
0.357,856,0,0,0,0,0,95.5064713324,19.7154633352,1.71114408807,97.5351914695,58.0147090235,0.172038392148,6.59935837367,0.0,0.00138472262935,1305.29341772
0.358,856,0,0,0,0,0,95.4812276463,19.7689625596,1.71576741255,97.5213852001,58.0311040145,0.17193592748,6.64959047722,0.0,0.00138045768641,1305.35248485
0.359,856,0,0,0,0,0,95.4559133546,19.8224471654,1.72038930858,97.5075409667,58.0475411671,0.165526603202,6.71161634807,0.0,0.00137493137379,1305.41175126
0.36,856,0,0,0,0,0,95.4305252544,19.875923859,1.72501035524,97.493657026,58.0640204495,0.167600614866,6.78399887242,0.0,0.00136998749054,1305.47163053
0.361,856,0,0,0,0,0,95.4050697556,19.929379098,1.72962938188,97.4797368898,58.0805418322,0.169026842069,6.87852238823,0.0,0.00136622384429,1305.53201461
0.362,856,0,0,0,0,0,95.379540433,19.9828263347,1.73424755045,97.4657770507,58.0971052858,0.168853478533,6.88839897511,0.0,0.00135859284105,1305.59322493
0.363,856,0,0,0,0,0,95.3539437323,20.0362520342,1.73886369104,97.4517810397,58.1137107807,0.168840146978,6.84950867,0.0,0.00135034882316,1305.65540861
0.364,856,0,0,0,0,0,95.3282699525,20.0896763833,1.74347954739,97.437743561,58.1303582848,0.168243664086,6.82625788327,0.0,0.00134593708062,1305.71879959
0.365,856,0,0,0,0,0,95.3025353041,20.1430656299,1.74809220292,97.4236734819,58.1470477709,0.167192288549,6.81379886114,0.0,0.00134269046018,1305.78276974
0.366,856,0,0,0,0,0,95.2767235525,20.196453434,1.75270456533,97.4095619306,58.1637792118,0.163006553407,6.78293396762,0.0,0.00134450099596,1305.84730333
0.367,856,0,0,0,0,0,95.2508444638,20.2498195351,1.75731488381,97.3954142548,58.1805525751,0.161883022435,6.79943858575,0.0,0.00134745836102,1305.9126823
0.368,856,0,0,0,0,0,95.2248947814,20.3031706284,1.76192373633,97.3812286786,58.1973678336,0.160901142697,6.84526631042,0.0,0.00134897563602,1305.97857373
0.369,856,0,0,0,0,0,95.1988679377,20.3565201358,1.76653228191,97.3670016225,58.2142249524,0.162746476121,6.8713284143,0.0,0.00135272585363,1306.0451379
0.37,856,0,0,0,0,0,95.1727770721,20.4098410833,1.77113819,97.3527402755,58.2311239014,0.164598953722,6.86481987952,0.0,0.0013543196043,1306.11272842
0.371,856,0,0,0,0,0,95.1466156169,20.4631468928,1.7757426196,97.3384410496,58.2480646555,0.163898500418,6.87772529756,0.0,0.00135485651585,1306.18148221
0.372,856,0,0,0,0,0,95.1203835736,20.5164375209,1.78034556655,97.3241039521,58.2650471847,0.163210196519,6.91226902698,0.0,0.00135435840183,1306.25165082
0.373,856,0,0,0,0,0,95.0940743031,20.5697263742,1.78494818836,97.3097253655,58.282071454,0.162247538168,6.90094311534,0.0,0.00136025803727,1306.32309089
0.374,856,0,0,0,0,0,95.0677044166,20.6229797861,1.78954757679,97.2953143724,58.2991374357,0.161920529067,6.96674086516,0.0,0.00136132249232,1306.39552474
0.375,856,0,0,0,0,0,95.041260617,20.6762246093,1.79414605067,97.2808637082,58.3162451045,0.161180102337,7.0345609308,0.0,0.00135869473277,1306.4691937
0.376,856,0,0,0,0,0,95.0147428879,20.7294607964,1.79874360545,97.266373375,58.3333944254,0.161968316989,7.07195298829,0.0,0.00136382753961,1306.54486408
0.377,856,0,0,0,0,0,94.9881579245,20.7826748656,1.80333907638,97.2518470379,58.3505853681,0.160022624323,7.06933511637,0.0,0.00136464839493,1306.62196766
0.378,856,0,0,0,0,0,94.9614990166,20.8358802077,1.80793361944,97.237281037,58.3678179024,0.16052833833,7.12459746076,0.0,0.00136737186628,1306.69858662
0.379,856,0,0,0,0,0,94.9347695214,20.8890700619,1.81252665036,97.2226772157,58.3850919955,0.160339159133,7.16840803814,0.0,0.00136382826647,1306.77738904
0.38,856,0,0,0,0,0,94.9079728229,20.9422376733,1.81711758543,97.2080374271,58.4024076196,0.162791798301,7.18750524357,0.0,0.00135821411846,1306.85767227
0.381,856,0,0,0,0,0,94.8811055489,20.9953897116,1.82170700016,97.1933598335,58.4197647467,0.162504995148,7.17079674114,0.0,0.00135437711536,1306.93957884
0.382,856,0,0,0,0,0,94.8541677009,21.0485261332,1.82629489036,97.1786444423,58.4371633465,0.159568046594,7.09806060895,0.0,0.00135244820432,1307.02323049
0.383,856,0,0,0,0,0,94.8271558711,21.1016536,1.83088183078,97.163889401,58.454603386,0.160203554544,7.0410159749,0.0,0.00134398786345,1307.10872767
0.384,856,0,0,0,0,0,94.8000734612,21.1547653606,1.83546723808,97.1490965768,58.4720848326,0.15927952539,6.96860673712,0.0,0.00133582017077,1307.19586797
0.385,856,0,0,0,0,0,94.7729256134,21.2078513193,1.84005024024,97.1342687819,58.4896076593,0.160683128322,6.90644465468,0.0,0.00133111212958,1307.28466152
0.386,856,0,0,0,0,0,94.7457037659,21.2609281871,1.84463227953,97.1194013455,58.507171837,0.157626218375,6.84757666299,0.0,0.00132780545389,1307.37483905
0.387,856,0,0,0,0,0,94.7184096247,21.3139925674,1.84921306228,97.1044952098,58.5247773315,0.157982629191,6.87475724806,0.0,0.00132073349056,1307.46645273
0.388,856,0,0,0,0,0,94.6910483634,21.3670343713,1.85379171714,97.0895532058,58.5424241135,0.15824987307,6.95141953831,0.0,0.00131957248139,1307.55917263
0.389,856,0,0,0,0,0,94.6636130756,21.420066946,1.85836939584,97.074571569,58.5601121526,0.15868734447,7.03407408326,0.0,0.00132453151444,1307.65262114
0.39,856,0,0,0,0,0,94.6361106883,21.4730768606,1.86294493863,97.0595540888,58.5778414182,0.15674857199,7.19623443823,0.0,0.00132180448824,1307.7472599
0.391,856,0,0,0,0,0,94.6085377405,21.5260707649,1.86751891907,97.04449888,58.5956118821,0.156786731079,7.31515057937,0.0,0.00132346372901,1307.84314372
0.392,856,0,0,0,0,0,94.5808872545,21.5790619899,1.8720924873,97.0294021444,58.6134235089,0.155152206011,7.38846273433,0.0,0.00132425976982,1307.93934931
0.393,856,0,0,0,0,0,94.5531731899,21.6320237419,1.87666333041,97.0142715105,58.6312762679,0.156126856784,7.46993936403,0.0,0.00132393114412,1308.03567113
0.394,856,0,0,0,0,0,94.5253885692,21.684969352,1.88123259854,96.9991031714,58.6491701334,0.152984455664,7.52601618493,0.0,0.00132938106995,1308.13283625
0.395,856,0,0,0,0,0,94.497533394,21.7378987763,1.88580028747,96.983897135,58.6671050746,0.155038058587,7.41355974789,0.0,0.00133019245047,1308.23155014
0.396,856,0,0,0,0,0,94.4696006157,21.7908253292,1.89036754574,96.9686495651,58.6850810558,0.159201634781,7.26521157677,0.0,0.00132990986469,1308.33164105
0.397,856,0,0,0,0,0,94.4416078701,21.8437155727,1.89493148744,96.9533700934,58.7030980486,0.157587540562,7.14854945881,0.0,0.00132775782328,1308.4330538
0.398,856,0,0,0,0,0,94.4135374979,21.8966028508,1.89949498944,96.9380490854,58.7211560244,0.158059999468,7.03929832996,0.0,0.00133199912238,1308.53590831
0.399,856,0,0,0,0,0,94.3854001203,21.9494670921,1.90405631939,96.9226923479,58.7392549497,0.158615896005,6.97550517544,0.0,0.00133638234475,1308.63966526
0.4,856,0,0,0,0,0,94.357192196,22.0023149275,1.90861604904,96.9072979528,58.7573947957,0.159541871278,6.88551188318,0.0,0.0013327020867,1308.74505742
0.401,856,0,0,0,0,0,94.3289101571,22.0551529822,1.91317474955,96.8918639624,58.7755755289,0.159960632143,6.85932575433,0.0,0.00132682386973,1308.85108423
0.402,856,0,0,0,0,0,94.3005611443,22.107967874,1.91773126593,96.8763942809,58.793797118,0.162876300294,6.8999956869,0.0,0.00132146985461,1308.95809832
0.403,856,0,0,0,0,0,94.2721380023,22.1607728926,1.9222867443,96.8608850107,58.8120595319,0.163703560016,6.92103522355,0.0,0.00132429686497,1309.06603014
0.404,856,0,0,0,0,0,94.2436479075,22.2135546644,1.92684003049,96.845340075,58.8303627392,0.167183765195,7.00764064153,0.0,0.00132155672056,1309.1745099
0.405,856,0,0,0,0,0,94.215087274,22.26631981,1.93139169525,96.8297575222,58.8487067112,0.16595694237,7.02969957422,0.0,0.00131274416021,1309.28362986
0.406,856,0,0,0,0,0,94.1864524895,22.3190749437,1.93594230869,96.8141353911,58.867091414,0.168021875116,6.97796230973,0.0,0.00131649574239,1309.39347858
0.407,856,0,0,0,0,0,94.1577471608,22.3718133607,1.94049129203,96.798475659,58.8855168138,0.168637170652,6.96658199731,0.0,0.00131772047633,1309.50460155
0.408,855,0,0,0,1,0,94.134282007,22.4147466777,1.94419174109,96.7856590571,58.9154878898,0.170188421737,6.92981095274,0.420739304998,0.00131490179956,1309.59668433
0.409,855,0,0,0,1,0,94.1000820687,22.4772097185,1.94958077183,96.7669947206,58.9340088119,0.170573860997,6.88083381144,0.420739304998,0.00131240409672,1309.72932971
0.41,855,0,0,0,1,0,94.0711512871,22.5299034468,1.95412676101,96.7512101485,58.9525667105,0.172479578317,6.85528212729,0.420739304998,0.00130986169653,1309.84125417
0.411,855,0,0,0,1,0,94.0421499678,22.5825802814,1.95867110311,96.7353880192,58.9711651565,0.171697990865,6.80841084224,0.420739304998,0.00130965324347,1309.95309136
0.412,855,0,0,0,1,0,94.013081782,22.6352335316,1.96321322054,96.7195303407,58.9898041209,0.170679196512,6.72610404019,0.420739304998,0.00130931801032,1310.0657016
0.413,855,0,0,0,1,0,93.9839430709,22.6878698017,1.9677536826,96.7036351222,59.0084835745,0.171504564686,6.70376267927,0.420739304998,0.00130370628031,1310.17860353
0.414,855,0,0,0,1,0,93.9547338362,22.7404890472,1.97229248506,96.687702372,59.0272034858,0.173131213175,6.6423498508,0.420739304998,0.00129755467763,1310.29216694
0.415,855,0,0,0,1,0,93.9254466876,22.7931045038,1.9768307691,96.6717280712,59.0459638182,0.170689417637,6.60424815856,0.420739304998,0.00129238854954,1310.40696897
0.416,855,0,0,0,1,0,93.8961001158,22.8456829293,1.98136566706,96.6557223105,59.0647645425,0.170822493153,6.58357547406,0.420739304998,0.00128787437366,1310.52286955
0.417,855,0,0,0,1,0,93.8666756068,22.8982574705,1.98590003748,96.6396749975,59.0836056297,0.171108782986,6.56976460424,0.420739304998,0.0012850975261,1310.63995169
0.418,855,0,0,0,1,0,93.8371852257,22.9508065155,1.99043201594,96.6235927214,59.1024870461,0.171035527821,6.60440775236,0.420739304998,0.00128634108017,1310.75875344
0.419,855,0,0,0,1,0,93.8076150027,23.0033548928,1.99496374327,96.6074678747,59.1214087569,0.170022865941,6.62389305115,0.420739304998,0.00129012221718,1310.87884073
0.42,855,0,0,0,1,0,93.7779864033,23.0558644292,1.99949192707,96.5913121683,59.1403707322,0.168491515687,6.73305962873,0.420739304998,0.00128923205565,1311.00049367
0.421,855,0,0,0,1,0,93.7482798024,23.1083698861,2.00401956458,96.5751149061,59.1593729432,0.164596318115,6.74791903369,0.420739304998,0.00128987265988,1311.12361222
0.422,855,0,0,0,1,0,93.7185064414,23.1608513358,2.00854493697,96.5588822272,59.1784153556,0.162824220608,6.79314339385,0.420739304998,0.00128639022269,1311.24852501
0.423,855,0,0,0,1,0,93.6886625724,23.2133153607,2.01306861143,96.5426120937,59.1974979398,0.160743414173,6.85197630343,0.420739304998,0.00128890394805,1311.37560914
0.424,855,0,0,0,1,0,93.6587406451,23.265775157,2.01759172531,96.5263004018,59.216620659,0.16169850352,6.87841387753,0.420739304998,0.00128585212937,1311.50464454
0.425,855,0,0,0,1,0,93.6287557658,23.3182041986,2.0221119911,96.5099553943,59.2357834813,0.161277829425,6.98462755827,0.420739304998,0.00128366811898,1311.63508487
0.426,855,0,0,0,1,0,93.598700384,23.3706156815,2.02663054615,96.4935729584,59.2549863796,0.162533998921,7.16795045032,0.420739304998,0.00128056649124,1311.76687662
0.427,855,0,0,0,1,0,93.5685745015,23.423009561,2.03114738619,96.477153103,59.2742293218,0.161686797548,7.234793947,0.420739304998,0.00128121689127,1311.90004894
0.428,855,0,0,0,1,0,93.5383781202,23.4753857926,2.03566250693,96.4606958368,59.2935122761,0.161265786568,7.35826747337,0.420739304998,0.00127505717116,1312.03422108
0.429,855,0,0,0,1,0,93.5081074213,23.5277509408,2.04017647384,96.4441990889,59.312835208,0.162811344457,7.32732250566,0.420739304998,0.00126384660032,1312.17034626
0.43,855,0,0,0,1,0,93.4777700478,23.5800917422,2.04468814318,96.4276670323,59.3321980855,0.163126439317,7.22542679141,0.420739304998,0.00125848383742,1312.3078464
0.431,855,0,0,0,1,0,93.4473583427,23.6324213662,2.04919864968,96.4110955023,59.3516008768,0.15930589942,7.17400040167,0.420739304998,0.00125553507346,1312.44592626
0.432,855,0,0,0,1,0,93.4168799845,23.6847265584,2.05370685048,96.394488691,59.3710435498,0.15699624594,7.15304939667,0.420739304998,0.00126005945587,1312.58554324
0.433,855,0,0,0,1,0,93.3863272805,23.7370204791,2.05821387944,96.3778424148,59.3905260726,0.158307609885,7.2188514836,0.420739304998,0.0012644769007,1312.72668937
0.434,855,0,0,0,1,0,93.3557040799,23.7892964808,2.06271916319,96.3611587812,59.4100484105,0.162109595939,7.19753699519,0.420739304998,0.00126908940284,1312.86905779
0.435,855,0,0,0,1,0,93.3250142586,23.841547923,2.06722212905,96.3444399074,59.4296105339,0.165770994651,7.10028014437,0.420739304998,0.00127247929147,1313.01252485
0.436,855,0,0,0,1,0,93.2942539535,23.8937813588,2.07172334134,96.3276836946,59.4492124131,0.167470967892,6.95865766315,0.420739304998,0.00127173673437,1313.15749838
0.437,855,0,0,0,1,0,93.2634231663,23.9459967433,2.07622279578,96.3108901518,59.4688540159,0.166971352893,6.84234506238,0.420739304998,0.00126892976057,1313.30360514
0.438,855,0,0,0,1,0,93.2325140978,23.9982072093,2.08072162357,96.2940550435,59.4885353053,0.167944535921,6.7291252458,0.420739304998,0.00126472984953,1313.45111317
0.439,855,0,0,0,1,0,93.2015423524,24.0503863563,2.08521754942,96.2771868772,59.508256249,0.167299855728,6.65304339809,0.420739304998,0.00125954472422,1313.59983709
0.44,855,0,0,0,1,0,93.1705001309,24.1025473171,2.08971170452,96.2602814084,59.5280168197,0.167410291147,6.63964976962,0.420739304998,0.00125162560385,1313.74994666
0.441,855,0,0,0,1,0,93.1393874351,24.1546900466,2.09420408459,96.2433386463,59.5478169853,0.16964257017,6.65506986736,0.420739304998,0.0012502915242,1313.90207321
0.442,855,0,0,0,1,0,93.1082003307,24.2068210796,2.09869525216,96.226356459,59.5676567109,0.167800403149,6.70918804138,0.420739304998,0.00124550938366,1314.05607129
0.443,855,0,0,0,1,0,93.0769427472,24.2589337889,2.10318463586,96.2093369967,59.5875359618,0.168129353302,6.65788465209,0.420739304998,0.00124863149107,1314.21208897
0.444,855,0,0,0,1,0,93.0456186404,24.3110215545,2.10767166499,96.1922824194,59.607454708,0.167117399918,6.72126180685,0.420739304998,0.00125560113728,1314.36968132
0.445,855,0,0,0,1,0,93.0142240673,24.3630909085,2.11215690186,96.1751905859,59.6274129194,0.167428178254,6.72747300769,0.420739304998,0.00124895975275,1314.52887507
0.446,855,0,0,0,1,0,92.9827510861,24.4151549467,2.11664147406,96.1580571858,59.6474105586,0.168911029121,6.77638752207,0.420739304998,0.00124365098604,1314.6905831
0.447,855,0,0,0,1,0,92.9512155863,24.4671873421,2.12112311348,96.1408908772,59.6674475931,0.168708518362,6.87722160834,0.420739304998,0.00124044161564,1314.85425665
0.448,855,0,0,0,1,0,92.9196096261,24.5192011906,2.12560294772,96.1236873408,59.6875239953,0.166624200043,6.90330025487,0.420739304998,0.00124380188893,1315.01977771
0.449,855,0,0,0,1,0,92.8879332076,24.5711964468,2.13008097245,96.1064465859,59.7076397326,0.165591004927,6.86211250851,0.420739304998,0.00124525400925,1315.18747981
0.45,855,0,0,0,1,0,92.8561863329,24.6231730655,2.13455718337,96.089168622,59.7277947723,0.16326685219,6.81175409301,0.420739304998,0.00124901667091,1315.35749647
0.451,855,0,0,0,1,0,92.8243690038,24.6751310014,2.13903157615,96.0718534587,59.7479890821,0.160753717099,6.78157479567,0.420739304998,0.00124699618961,1315.52973573
0.452,855,0,0,0,1,0,92.7924731722,24.7270833219,2.14350527562,96.0544967292,59.7682226243,0.15786068882,6.7746727739,0.420739304998,0.00124317460906,1315.70370968
0.453,855,0,0,0,1,0,92.760518975,24.7789972024,2.14797545482,96.0371093975,59.7884953689,0.161443363368,6.87604664066,0.420739304998,0.00124870862839,1315.8793202
0.454,855,0,0,0,1,0,92.7284862527,24.8309053698,2.15244493138,96.0196805003,59.8088072856,0.163735815193,7.02405246605,0.420739304998,0.00124701763371,1316.05621087
0.455,855,0,0,0,1,0,92.6963871274,24.8827881214,2.1569120084,96.0022166441,59.8291583395,0.163800417707,7.12856506438,0.420739304998,0.00124436179035,1316.23484957
0.456,855,0,0,0,1,0,92.6642134974,24.9346585104,2.16137780932,95.9847134296,59.8495484977,0.163897407596,7.27108554476,0.420739304998,0.001244546488,1316.41477869
0.457,855,0,0,0,1,0,92.6319694168,24.986509942,2.16584176592,95.9671730733,59.8699777248,0.160356182594,7.38792119969,0.420739304998,0.00124671000326,1316.59552692
0.458,855,0,0,0,1,0,92.5996589663,25.0383358288,2.17030331069,95.9495978011,59.8904459906,0.156516771901,7.43407764361,0.420739304998,0.00124133680827,1316.77639109
0.459,855,0,0,0,1,0,92.5672780782,25.0901426697,2.17476300271,95.9319854069,59.9109532643,0.15614759477,7.43098583158,0.420739304998,0.00123786397421,1316.95643389
0.46,855,0,0,0,1,0,92.5348267548,25.1419304193,2.17922083766,95.9143359003,59.9314995131,0.154676641585,7.29666883526,0.420739304998,0.00124365512591,1317.13534793
0.461,855,0,0,0,1,0,92.5022967876,25.1937121015,2.18367793616,95.8966448306,59.9520846989,0.156691462141,7.12728545129,0.420739304998,0.00125054991608,1317.31430965
0.462,855,0,0,0,1,0,92.469708714,25.2454549993,2.18813148169,95.878923373,59.9727087912,0.156359958466,7.0036760465,0.420739304998,0.00124923428577,1317.49389881
0.463,855,0,0,0,1,0,92.4370440359,25.2971884664,2.19258400039,95.8611614732,59.9933717604,0.156429135975,6.89084305251,0.420739304998,0.00125345743424,1317.67400017
0.464,855,0,0,0,1,0,92.4043089266,25.3489026586,2.19703464453,95.8433625007,60.0140735699,0.157192746565,6.77836423201,0.420739304998,0.00125142070731,1317.85475016
0.465,855,0,0,0,1,0,92.371501318,25.4006007928,2.20148369055,95.8255253407,60.0348141853,0.159520168369,6.81959102939,0.420739304998,0.00125172531697,1318.03641054
0.466,855,0,0,0,1,0,92.3386232781,25.4522795596,2.2059308532,95.8076511277,60.0555935722,0.160248459293,6.9289515003,0.420739304998,0.00124992413515,1318.21758928
0.467,855,0,0,0,1,0,92.3056831264,25.5039258729,2.21037500603,95.7897443886,60.0764117025,0.159930341646,6.98822961603,0.420739304998,0.00123844505279,1318.39981906
0.468,855,0,0,0,1,0,92.2726642308,25.5555657676,2.21481838891,95.7717960908,60.0972685431,0.160139506269,6.98739858646,0.420739304998,0.00123411545049,1318.58273078
0.469,855,0,0,0,1,0,92.239579087,25.6071796426,2.21925931481,95.7538130379,60.1181640584,0.161046182244,6.94286137128,0.420739304998,0.00123162996974,1318.76625248
0.47,855,0,0,0,1,0,92.2064151593,25.6587869951,2.22369946085,95.7357884277,60.139098213,0.162776017852,6.90021810468,0.420739304998,0.00122641885054,1318.95053141
0.471,855,0,0,0,1,0,92.1731891909,25.7103617284,2.22813658133,95.7177313691,60.1600709737,0.162627998405,6.93418882525,0.420739304998,0.0012241313134,1319.13485295
0.472,855,0,0,0,1,0,92.1398949152,25.7619135681,2.23257151263,95.6996384593,60.1810823138,0.162941900101,7.00602283223,0.420739304998,0.00122146436514,1319.31973258
0.473,855,0,0,0,1,0,92.1065260254,25.813452229,2.23700509007,95.6815062811,60.2021321988,0.161643448466,7.07180314055,0.420739304998,0.0012224451472,1319.5053688
0.474,855,0,0,0,1,0,92.0730888372,25.864967906,2.24143646973,95.6633382768,60.2232205947,0.16375832708,6.90595271105,0.420739304998,0.00122255458317,1319.69182708
0.475,855,0,0,0,1,0,92.0395727877,25.9164768064,2.24586704532,95.6451287196,60.2443474645,0.165388696906,6.7722173739,0.420739304998,0.0012195474876,1319.87960391
0.476,855,0,0,0,1,0,92.0059990364,25.9679463851,2.25029401706,95.6268891124,60.2655127777,0.166333794428,6.77902804133,0.420739304998,0.00122055129788,1320.0679926
0.477,855,0,0,0,1,0,91.9723464017,26.0194090879,2.25472017526,95.6086079544,60.2867165037,0.16788909688,6.84345121891,0.420739304998,0.00121411093345,1320.25703346
0.478,855,0,0,0,1,0,91.9386276194,26.0708453801,2.25914383937,95.5902921758,60.3079586066,0.168520796541,6.86480514069,0.420739304998,0.00121426567004,1320.44680396
0.479,855,0,0,0,1,0,91.9048299139,26.1222746919,2.26356667999,95.5719348486,60.3292390509,0.168323270088,6.95429834426,0.420739304998,0.00121085829308,1320.63787087
0.48,855,0,0,0,1,0,91.8709746227,26.173664528,2.26798590219,95.5535475689,60.3505578057,0.167437282884,7.06788506937,0.420739304998,0.00120807233568,1320.83060675
0.481,855,0,0,0,1,0,91.8370446694,26.2250407986,2.27240373374,95.5351210667,60.3719148426,0.171888293615,7.13540411337,0.420739304998,0.00120747362268,1321.02484388
0.482,855,0,0,0,1,0,91.8030421846,26.2764002112,2.27681989105,95.5166565119,60.3933101246,0.172337517205,7.2105312159,0.420739304998,0.0012034114585,1321.22073801
0.483,855,0,0,0,1,0,91.768969312,26.327739477,2.28123409091,95.4981550792,60.414743617,0.171839349352,7.2203696424,0.420739304998,0.00120379581081,1321.41866987
0.484,855,0,0,0,1,0,91.7348195898,26.3790682662,2.28564716433,95.4796132728,60.4362152827,0.167586333927,7.21271452236,0.420739304998,0.00120165311411,1321.61917945
0.485,855,0,0,0,1,0,91.700612427,26.4303573872,2.29005660113,95.4610416366,60.457725092,0.16509458677,7.11089065491,0.420739304998,0.00120392552273,1321.82176836
0.486,855,0,0,0,1,0,91.6663262423,26.4816391717,2.29446518055,95.4424284605,60.4792730139,0.161679033608,7.07184690534,0.420739304998,0.00119811744914,1322.02655646
0.487,855,0,0,0,1,0,91.6319740115,26.5328941533,2.29887122867,95.4237808008,60.5008590127,0.161354932291,7.07310122816,0.420739304998,0.00120054338969,1322.23306946
0.488,855,0,0,0,1,0,91.5975427192,26.584141693,2.3032764094,95.405091604,60.5224830522,0.160676183968,7.07602100754,0.420739304998,0.00120261175843,1322.44173727
0.489,855,0,0,0,1,0,91.5630541028,26.6353494102,2.30767793893,95.3863726761,60.5441451013,0.160388446612,7.09304267735,0.420739304998,0.00119782867169,1322.65205646
0.49,855,0,0,0,1,0,91.5284864031,26.6865495851,2.31207859152,95.3676122141,60.5658451289,0.15802004547,7.05187966728,0.420739304998,0.00119893185923,1322.86437367
0.491,855,0,0,0,1,0,91.4938527028,26.7377227821,2.31647669624,95.3488173301,60.5875830988,0.158363545812,7.02396807948,0.420739304998,0.00119470870637,1323.07810465
0.492,855,0,0,0,1,0,91.4591486412,26.7888754171,2.32087280411,95.3299856649,60.6093589798,0.160813267223,6.97228615743,0.420739304998,0.00118792974722,1323.29308161
0.493,855,0,0,0,1,0,91.4243698315,26.840013898,2.3252674654,95.3111148498,60.6311727358,0.160253639074,6.95352165044,0.420739304998,0.00118495393515,1323.509047
0.494,855,0,0,0,1,0,91.3895206566,26.8911317214,2.32966012079,95.2922072752,60.6530243306,0.158061937713,7.001223056,0.420739304998,0.00118492084982,1323.72577033
0.495,855,0,0,0,1,0,91.3546055267,26.9422223916,2.3340502117,95.2732653409,60.6749137331,0.160190594418,7.06612873665,0.420739304998,0.00118646071604,1323.94266405
0.496,855,0,0,0,1,0,91.3196217017,26.9932898963,2.33843808043,95.2542875667,60.6968409131,0.160537350493,7.10074873456,0.420739304998,0.00119304682038,1324.16032724
0.497,855,0,0,0,1,0,91.2845642128,27.0443414406,2.34282434561,95.2352712675,60.7188058361,0.162414847119,7.07158058574,0.420739304998,0.0011996806232,1324.37886012
0.498,855,0,0,0,1,0,91.2494291693,27.09538261,2.34720948668,95.2162143486,60.7408084625,0.164966475238,6.99111515168,0.420739304998,0.00119690745234,1324.59799309
0.499,855,0,0,0,1,0,91.2142326504,27.1463900091,2.35159149324,95.19712554,60.7628487595,0.165274378392,6.93942469937,0.420739304998,0.00119934828251,1324.81801921
0.5,855,0,0,0,1,0,91.1789680166,27.1973732559,2.35597119123,95.1780012443,60.7849266995,0.162336591062,6.9275509349,0.420739304998,0.00119920842574,1325.03767328
0.501,855,0,0,0,1,0,91.1436285885,27.2483419566,2.36034940543,95.1588378501,60.8070422475,0.16203782677,6.90264457772,0.420739304998,0.00120051964586,1325.25658004
0.502,855,0,0,0,1,0,91.1082165856,27.2992928437,2.36472585472,95.1396365745,60.829195366,0.160389424362,6.89445644517,0.420739304998,0.00119804805212,1325.47531903
0.503,855,0,0,0,1,0,91.0727387192,27.3502162257,2.36909970624,95.1204010654,60.8513860224,0.16309507935,7.01449638974,0.420739304998,0.00120392981739,1325.69417906
0.504,855,0,0,0,1,0,91.0371860354,27.4011249121,2.37347205979,95.1011264776,60.8736141831,0.161582301052,7.0854470675,0.420739304998,0.00120673352648,1325.91369732
0.505,855,0,0,0,1,0,91.0015675111,27.4520060052,2.37784180724,95.081817688,60.8958798143,0.162232406126,7.12700433016,0.420739304998,0.00120591787399,1326.13320949
0.506,855,0,0,0,1,0,90.9658786619,27.5028658837,2.382209496,95.0624722729,60.9181828848,0.163350703442,7.05207965546,0.420739304998,0.00120216372079,1326.35341766
0.507,855,0,0,0,1,0,90.9301149765,27.5537109181,2.38657567273,95.0430877993,60.9405233584,0.160321443189,7.01193807231,0.420739304998,0.00119385834595,1326.57428736
0.508,855,0,0,0,1,0,90.8942809626,27.6045346414,2.39093978164,95.0236667231,60.962901199,0.159711664492,7.04871083591,0.420739304998,0.00118347915837,1326.79663637
0.509,855,0,0,0,1,0,90.8583811546,27.6553305948,2.39530126776,95.0042115093,60.9853163753,0.160592571462,7.10954813708,0.420739304998,0.00117804263949,1327.02077406
0.51,855,0,0,0,1,0,90.8224110324,27.706105146,2.39966067744,94.9847197157,61.007768856,0.161837406835,7.21616172328,0.420739304998,0.00117616250047,1327.24698728
0.511,855,0,0,0,1,0,90.7863614999,27.7568710614,2.40401910631,94.9651864284,61.0302586022,0.160232438708,7.2602957701,0.420739304998,0.00117905928155,1327.4760277
0.512,855,0,0,0,1,0,90.7502507576,27.8076026673,2.40837434982,94.9456215192,61.0527855802,0.163731593671,7.23161398758,0.420739304998,0.0011818387121,1327.7077576
0.513,855,0,0,0,1,0,90.7140697093,27.8583127302,2.41272750356,94.9260200651,61.0753497607,0.160500524851,7.12678839876,0.420739304998,0.00117626857509,1327.94164097
0.514,855,0,0,0,1,0,90.6778183578,27.9090012029,2.41707856309,94.9063820776,61.0979511098,0.159778806572,7.05588810147,0.420739304998,0.0011748277201,1328.17691185
0.515,855,0,0,0,1,0,90.6414875361,27.9596808298,2.42142862192,94.8867026059,61.1205895885,0.161955857683,7.06998125577,0.420739304998,0.00117903489741,1328.41322454
0.516,855,0,0,0,1,0,90.6051001804,28.0103195879,2.42577493097,94.8669940819,61.1432651649,0.160601494101,7.15687014234,0.420739304998,0.00118162202344,1328.6506067
0.517,855,0,0,0,1,0,90.5686333334,28.0609493977,2.43012022961,94.8472440787,61.1659778074,0.15974726659,7.17592788801,0.420739304998,0.00118783223604,1328.88897981
0.518,855,0,0,0,1,0,90.5321007972,28.1115510386,2.43446286779,94.8274600841,61.1887274794,0.15932723501,7.25215512644,0.420739304998,0.00118712654511,1329.12857989
0.519,855,0,0,0,1,0,90.4954979718,28.1621308537,2.43880338949,94.807639615,61.2115141489,0.159856667172,7.26310712926,0.420739304998,0.00118919172248,1329.36913439
0.52,855,0,0,0,1,0,90.4588248601,28.2126887956,2.44314179024,94.787782683,61.2343377819,0.160975639441,7.23469409128,0.420739304998,0.00118922768762,1329.61076963
0.521,855,0,0,0,1,0,90.4220768269,28.2632311965,2.44747861295,94.7678867914,61.2571983415,0.162864510256,7.23853229359,0.420739304998,0.00118526336322,1329.85363102
0.522,855,0,0,0,1,0,90.3852585042,28.3137516269,2.45181330552,94.7479544611,61.280095791,0.166912941301,7.18589237061,0.420739304998,0.00118363767614,1330.09768729
0.523,855,0,0,0,1,0,90.3483745509,28.3642436659,2.45614531664,94.7279882218,61.3030300986,0.165606218081,7.11994346457,0.420739304998,0.00118163022904,1330.34261937
0.524,855,0,0,0,1,0,90.3114203229,28.4147136426,2.46047518895,94.7079855677,61.3260012324,0.165528634884,7.03462620707,0.420739304998,0.00117311367061,1330.58828201
0.525,855,0,0,0,1,0,90.2743864758,28.4651742458,2.46480401055,94.6879414563,61.3490091532,0.164400566666,6.98281406928,0.420739304998,0.00116791995099,1330.8348885
0.526,855,0,0,0,1,0,90.2372963895,28.5155935904,2.46912904578,94.6678685497,61.3720538294,0.161878253342,6.91286379393,0.420739304998,0.00115746776995,1331.08296717
0.527,855,0,0,0,1,0,90.2001313548,28.5659970957,2.47345247479,94.6477567279,61.3951352317,0.161778050886,6.87979790033,0.420739304998,0.00115131542784,1331.33266566
0.528,855,0,0,0,1,0,90.1628937069,28.6163815288,2.47777401981,94.6276072692,61.4182533224,0.162444265786,6.89818088854,0.420739304998,0.00114633866977,1331.58418179
0.529,855,0,0,0,1,0,90.1255857946,28.6667436609,2.48209340349,94.6074214563,61.4414080661,0.163695340714,6.88709439666,0.420739304998,0.00113726602982,1331.83732868
0.53,855,0,0,0,1,0,90.0882005439,28.7170929756,2.48641143874,94.5871954761,61.4645994251,0.165459676525,6.92361850566,0.420739304998,0.00113264906842,1332.09136344
0.531,855,0,0,0,1,0,90.050754475,28.7674071875,2.49072621394,94.566938276,61.4878273665,0.165973481492,6.91482797985,0.420739304998,0.00113025840226,1332.34674541
0.532,855,0,0,0,1,0,90.0132381552,28.8176989571,2.49503881447,94.5466447583,61.5110918613,0.165950959496,6.94957581064,0.420739304998,0.00112608158005,1332.603857
0.533,855,0,0,0,1,0,89.9756515874,28.8679682368,2.49934923584,94.5263149356,61.5343928754,0.163684634041,6.9435781415,0.420739304998,0.00112996271002,1332.86197063
0.534,855,0,0,0,1,0,89.9379900212,28.9182213216,2.50365801739,94.5059462517,61.5577303722,0.162660513147,6.95415493233,0.420739304998,0.00113029441367,1333.12111794
0.535,855,0,0,0,1,0,89.9002629665,28.9684454785,2.50796406695,94.4855438607,61.5811043175,0.160847450282,6.88600996968,0.420739304998,0.00112842608913,1333.38107176
0.536,855,0,0,0,1,0,89.862465673,29.0186470023,2.51226792385,94.4651052019,61.6045146796,0.159603984072,6.85595463733,0.420739304998,0.00112848608483,1333.64187811
0.537,855,0,0,0,1,0,89.8245933638,29.0688321795,2.5165701266,94.4446277056,61.6279614216,0.160765398212,6.90433261964,0.420739304998,0.00113165351746,1333.9037942
0.538,855,0,0,0,1,0,89.7866556019,29.1189882939,2.5208695847,94.4241165534,61.6514445093,0.162067243652,6.89771715534,0.420739304998,0.00113393377137,1334.16652429
0.539,855,0,0,0,1,0,89.7486428127,29.1691279603,2.52516737907,94.4035665798,61.6749639083,0.166335232666,6.9244558761,0.420739304998,0.00113614261895,1334.4297616
0.54,855,0,0,0,1,0,89.7105645949,29.2192384741,2.52946242032,94.3829829847,61.6985195844,0.166626304488,6.91988128369,0.420739304998,0.00113716707159,1334.69318744
0.541,855,0,0,0,1,0,89.6724113384,29.2693324383,2.53375578828,94.3623605842,61.7221115031,0.167397212561,6.93377381995,0.420739304998,0.00114273782985,1334.95686426
0.542,855,0,0,0,1,0,89.6341926773,29.3193971598,2.53804639464,94.3417045967,61.7457396302,0.169828015984,6.95041082477,0.420739304998,0.00113981068444,1335.22079134
0.543,855,0,0,0,1,0,89.5959037992,29.3694389132,2.54233477679,94.3210124298,61.7694039337,0.169946355902,7.06569379733,0.420739304998,0.00113124293029,1335.48515285
0.544,855,0,0,0,1,0,89.5575422863,29.4194608076,2.54662120073,94.3002827892,61.7931043781,0.171170278731,7.14801534515,0.420739304998,0.00112407495865,1335.75017181
0.545,855,0,0,0,1,0,89.5191057075,29.4694659474,2.55090593203,94.279514376,61.8168409251,0.168133905098,7.16518443852,0.420739304998,0.00111986585641,1336.01613282
0.546,855,0,0,0,1,0,89.4806061978,29.5194385086,2.55518761441,94.2587137571,61.8406135419,0.170761573051,7.12062240054,0.420739304998,0.00112165403659,1336.28288277
0.547,855,0,0,0,1,0,89.442036484,29.5693879096,2.55946705448,94.2378770101,61.8644221979,0.173041617332,7.01537948203,0.420739304998,0.00112763534802,1336.55028676
0.548,855,0,0,0,1,0,89.4033941306,29.6193172533,2.56374451767,94.2170028317,61.8882668574,0.170872614713,6.96338210541,0.420739304998,0.00113418742479,1336.81813947
0.549,855,0,0,0,1,0,89.3646766888,29.6692296384,2.56802026898,94.1960899142,61.9121474824,0.168013942273,6.89246957178,0.420739304998,0.00113648420501,1337.08674692
0.55,855,0,0,0,1,0,89.3259012775,29.7191029735,2.5722924156,94.1751475117,61.9360640423,0.170311281792,6.85621732523,0.420739304998,0.001143290274,1337.35615658
0.551,855,0,0,0,1,0,89.2870458758,29.7689655455,2.57656338019,94.1541637408,61.9600165036,0.16979671438,6.84484055269,0.420739304998,0.00114278017134,1337.62573912
0.552,855,0,0,0,1,0,89.2481251904,29.8187984228,2.58083154076,94.1331465576,61.9840048296,0.171126785506,6.89089613458,0.420739304998,0.00113525146566,1337.89612979
0.553,855,0,0,0,1,0,89.2091293989,29.8686141382,2.58509797029,94.1120906694,62.0080289856,0.170352673296,6.87515776001,0.420739304998,0.0011278166143,1338.16732007
0.554,855,0,0,0,1,0,89.1700683481,29.9184000684,2.58936158728,94.0910014044,62.0320889373,0.173756705292,6.77292329528,0.420739304998,0.00112715367256,1338.4395628
0.555,855,0,0,0,1,0,89.1309346497,29.9681655932,2.59362319462,94.0698747838,62.0561846514,0.174011351473,6.7265190196,0.420739304998,0.0011228396388,1338.71316843
0.556,855,0,0,0,1,0,89.0917307726,30.017907522,2.59788251867,94.048712153,62.0803160923,0.17155771594,6.62340813968,0.420739304998,0.00111911736114,1338.98782241
0.557,855,0,0,0,1,0,89.0524492842,30.0676352197,2.60214036088,94.0275095155,62.1044832219,0.170284504373,6.60184732944,0.420739304998,0.00111838891147,1339.26349531
0.558,855,0,0,0,1,0,89.0131075428,30.1173266749,2.60639483617,94.0062762506,62.128686007,0.166596997264,6.59066752171,0.420739304998,0.00111022998768,1339.54103117
0.559,855,0,0,0,1,0,88.9736956371,30.1669943901,2.61064701464,93.9850070155,62.1529244184,0.168720760663,6.63752649995,0.420739304998,0.00110954601659,1339.82084518
0.56,855,0,0,0,1,0,88.9342135708,30.216638317,2.61489689175,93.9637018235,62.1771984217,0.168570934959,6.73478636812,0.420739304998,0.00110493152162,1340.10322497
0.561,855,0,0,0,1,0,88.8946613471,30.2662584069,2.61914446293,93.9423606883,62.2015079826,0.168713771026,6.84977065599,0.420739304998,0.00110095730422,1340.3882952
0.562,855,0,0,0,1,0,88.8550289664,30.3158671324,2.62339079538,93.920978231,62.2258530618,0.166296161762,6.94103450816,0.420739304998,0.00110532132712,1340.675879
0.563,855,0,0,0,1,0,88.815341449,30.365433145,2.62763320543,93.8995679598,62.2502336273,0.166148618884,7.03450286113,0.420739304998,0.00111015540013,1340.96531858
0.564,855,0,0,0,1,0,88.7755737549,30.4149876868,2.63187436674,93.8781163753,62.2746496471,0.16376279693,7.14694266008,0.420739304998,0.00111569410552,1341.25629092
0.565,855,0,0,0,1,0,88.7357409367,30.4645119426,2.63611266855,93.8566316117,62.2991010841,0.160918298945,7.23598905859,0.420739304998,0.00111689397656,1341.54815322
0.566,855,0,0,0,1,0,88.6958379787,30.5140121181,2.64034864161,93.8351109726,62.3235879063,0.159964616258,7.32930578186,0.420739304998,0.00112075902463,1341.8405005
0.567,855,0,0,0,1,0,88.6558598386,30.56349441,2.64458281573,93.8135517531,62.3481100764,0.158932315116,7.36557531242,0.420739304998,0.0011222077838,1342.13321452
0.568,855,0,0,0,1,0,88.6158166114,30.6129462786,2.64881411752,93.7919594091,62.3726675598,0.158949009279,7.301556995,0.420739304998,0.0011222558865,1342.42601266
0.569,855,0,0,0,1,0,88.5756981916,30.66238016,2.65304361064,93.7703285032,62.3972603217,0.160145362172,7.26044833491,0.420739304998,0.00112331285807,1342.71927454
0.57,855,0,0,0,1,0,88.5355147097,30.7117835265,2.65727022285,93.7486645096,62.4218883274,0.15846746192,7.19726223288,0.420739304998,0.00112678419797,1343.01294612
0.571,855,0,0,0,1,0,88.4952560245,30.7611688018,2.66149501661,93.7269619726,62.4465515419,0.159371101629,7.20881852164,0.420739304998,0.0011269506863,1343.30792052
0.572,855,0,0,0,1,0,88.4549323022,30.8105234706,2.66571692089,93.7052263848,62.4712499303,0.159665876779,7.27565504512,0.420739304998,0.00112585441757,1343.60396392
0.573,855,0,0,0,1,0,88.4145333662,30.859859944,2.66993699695,93.6834522725,62.4959834575,0.158790604446,7.28281431801,0.420739304998,0.0011271920687,1343.90107803
0.574,855,0,0,0,1,0,88.374069418,30.9091657192,2.67415417493,93.6616451463,62.5207520884,0.159708668802,7.24990242919,0.420739304998,0.00112883132963,1344.19937511
0.575,855,0,0,0,1,0,88.3335353624,30.958446974,2.67836898288,93.6398022695,62.5455557904,0.161338962486,7.14861710673,0.420739304998,0.0011228156701,1344.49977812
0.576,855,0,0,0,1,0,88.292920952,31.0077160947,2.68258247966,93.6179181376,62.5703945236,0.158993004437,7.11209043693,0.420739304998,0.00112468861068,1344.80240784
0.577,855,0,0,0,1,0,88.252251827,31.0569419469,2.68679200229,93.5960065755,62.5952682555,0.16130837918,7.11606340427,0.420739304998,0.00111411480488,1345.10715139
0.578,855,0,0,0,1,0,88.211502328,31.1061555576,2.69100020364,93.5740537683,62.6201769535,0.162332459804,7.20285168275,0.420739304998,0.00110744918078,1345.41357309
0.579,855,0,0,0,1,0,88.1706878797,31.1553382398,2.69520548542,93.5520680404,62.6451205804,0.16214941561,7.19676003933,0.420739304998,0.0011041690092,1345.72167776
0.58,855,0,0,0,1,0,88.1297930208,31.2045085665,2.6994094352,93.530041078,62.6700990988,0.161647479987,7.10877651062,0.420739304998,0.00109628547623,1346.03159429
0.581,855,0,0,0,1,0,88.0888383986,31.2536416673,2.70360992624,93.5079840148,62.6951124738,0.157551093043,6.99333815418,0.420739304998,0.00109206281475,1346.34244921
0.582,855,0,0,0,1,0,88.0478136951,31.3027499036,2.707808015,93.4858913005,62.7201606757,0.157659735375,6.95480349897,0.420739304998,0.00108849799589,1346.65411144
0.583,855,0,0,0,1,0,88.0067189141,31.3518332258,2.71200369686,93.4637629496,62.7452436696,0.156317952923,6.98051068356,0.420739304998,0.00108867657991,1346.96660192
0.584,855,0,0,0,1,0,87.9655540595,31.4008915848,2.71619696719,93.4415989765,62.7703614207,0.157008904019,6.99513010048,0.420739304998,0.00109206080051,1347.2792919
0.585,855,0,0,0,1,0,87.92431393,31.4499311206,2.7203883504,93.4193965958,62.7955138918,0.160081660058,7.04147160866,0.420739304998,0.00109016283078,1347.59213817
0.586,855,0,0,0,1,0,87.8830037257,31.4989455911,2.72457731254,93.3971586224,62.8207010453,0.160436282688,7.02270728143,0.420739304998,0.00108667237239,1347.90577373
0.587,855,0,0,0,1,0,87.8416312847,31.5479256721,2.72876305636,93.3748892839,62.8459228503,0.162579158612,7.09567005553,0.420739304998,0.00108496736663,1348.22046923
0.588,855,0,0,0,1,0,87.8001835583,31.5968867736,2.73294689841,93.352581568,62.8711792731,0.164825355178,7.08366110557,0.420739304998,0.00107702216189,1348.53627907
0.589,855,0,0,0,1,0,87.7586683934,31.6458195745,2.73712804174,93.3302397117,62.8964702776,0.164196637402,7.11736823176,0.420739304998,0.00107068329688,1348.8533063
0.59,855,0,0,0,1,0,87.7170726796,31.6947394624,2.74130780074,93.3078566763,62.921795825,0.163075056754,7.08038598801,0.420739304998,0.00107099535742,1349.17192333
0.591,855,0,0,0,1,0,87.675417418,31.7436216933,2.74548406085,93.2854437753,62.9471558806,0.167352066909,7.05018031171,0.420739304998,0.00106969876396,1349.49195556
0.592,855,0,0,0,1,0,87.633692114,31.7924785647,2.74965787237,93.2629953692,62.9725504144,0.16921973951,7.17415370419,0.420739304998,0.00107250475691,1349.81427591
0.593,855,0,0,0,1,0,87.5918967715,31.841310027,2.75382923067,93.2405114727,62.9979793918,0.168128830077,7.18491456723,0.420739304998,0.00106572776267,1350.13843103
0.594,855,0,0,0,1,0,87.5500261099,31.8901221912,2.75799865735,93.2179892607,63.0234427753,0.167366648965,7.10977643706,0.420739304998,0.0010663885986,1350.46474257
0.595,855,0,0,0,1,0,87.5080907026,31.938902686,2.76216509528,93.1954344333,63.0489405302,0.164596134219,6.99716575551,0.420739304998,0.00106905859035,1350.79248031
0.596,855,0,0,0,1,0,87.4660799664,31.9876637768,2.76632959165,93.1728413112,63.0744726218,0.159501578756,6.93465612652,0.420739304998,0.00107109985416,1351.12154002
0.597,855,0,0,0,1,0,87.4240045104,32.036393105,2.77049109059,93.1502156127,63.1000390153,0.162281497875,6.87985200431,0.420739304998,0.0010710207034,1351.45155977
0.598,855,0,0,0,1,0,87.381859036,32.0850967751,2.77465011304,93.1275544987,63.1256396783,0.161241891256,6.87715301482,0.420739304998,0.00107308856055,1351.78318602
0.599,855,0,0,0,1,0,87.3396328897,32.1337870266,2.77880770374,93.1048522593,63.1512745709,0.15900928934,6.97715464,0.420739304998,0.00106828338076,1352.11604055
0.6,855,0,0,0,1,0,87.297347391,32.1824392308,2.78296175926,93.0821203696,63.1769436582,0.160407950876,7.08784429831,0.420739304998,0.00106632192389,1352.4495006
0.601,855,0,0,0,1,0,87.2549945597,32.231062558,2.7871130623,93.0593545457,63.2026469114,0.15944036459,7.20029434888,0.420739304998,0.00106842219705,1352.78390755
0.602,855,0,0,0,1,0,87.2125683839,32.2796638632,2.79126219771,93.0365515693,63.228384295,0.157737345225,7.3130837257,0.420739304998,0.00107625866173,1353.11889313
0.603,855,0,0,0,1,0,87.1700601399,32.3282530562,2.79541001098,93.0137067726,63.2541557666,0.15948128239,7.24315061097,0.420739304998,0.00107524124315,1353.4546798
0.604,855,0,0,0,1,0,87.1274946424,32.3768017286,2.79955407665,92.9908335045,63.2799612913,0.158570272811,7.14378582002,0.420739304998,0.00107312544054,1353.79126941
0.605,855,0,0,0,1,0,87.0848645375,32.4253182677,2.80369511038,92.9679278168,63.3058008422,0.156646109899,7.09031457384,0.420739304998,0.00107029117363,1354.12892381
0.606,855,0,0,0,1,0,87.042153675,32.4738209954,2.80783467555,92.9449810479,63.3316743815,0.158014905947,7.06436127331,0.420739304998,0.00106780665652,1354.46813863
0.607,855,0,0,0,1,0,86.9993782224,32.5222914927,2.81197119974,92.9220018997,63.3575818713,0.159047130433,6.98618928175,0.420739304998,0.00106056319322,1354.80883744
0.608,855,0,0,0,1,0,86.9565300891,32.5707388888,2.81610546166,92.8989860379,63.3835232778,0.165093690594,7.01408151988,0.420739304998,0.00105736644493,1355.15046971
0.609,855,0,0,0,1,0,86.9136119791,32.6191600743,2.82023719555,92.8759349296,63.4094985643,0.16216652813,7.04305031455,0.420739304998,0.00105728992974,1355.49289988
0.61,855,0,0,0,1,0,86.8706211836,32.667558053,2.8243666573,92.8528471346,63.4355076943,0.162649414078,7.08486209015,0.420739304998,0.00105580163102,1355.83634736
0.611,855,0,0,0,1,0,86.8275658506,32.7159236135,2.8284930606,92.8297270405,63.4615506341,0.164102908983,7.01006859997,0.420739304998,0.00105893789407,1356.18131808
0.612,855,0,0,0,1,0,86.7844405583,32.7642628139,2.83261692195,92.8065717467,63.4876273508,0.162527239047,6.92225647006,0.420739304998,0.00105626406282,1356.52810579
0.613,855,0,0,0,1,0,86.7412344059,32.8125878008,2.83673927713,92.7833754191,63.5137378043,0.1650604215,6.96753165797,0.420739304998,0.00105260124096,1356.87732312
0.614,855,0,0,0,1,0,86.6979746694,32.8608680345,2.84085752056,92.7601527123,63.539881962,0.162735392537,7.01124503368,0.420739304998,0.00104296096182,1357.2283073
0.615,855,0,0,0,1,0,86.654634055,32.9091339437,2.84497424745,92.736888985,63.566059791,0.163261409203,6.98914935374,0.420739304998,0.00104447292593,1357.58111099
0.616,855,0,0,0,1,0,86.6112289692,32.9573671991,2.849087894,92.7135930599,63.5922712539,0.162519744093,6.94043724951,0.420739304998,0.00104347564553,1357.93534297
0.617,855,0,0,0,1,0,86.5677429702,33.0055860122,2.85320001296,92.6902561291,63.6185163129,0.159269615855,6.94595969383,0.420739304998,0.00103907705242,1358.29098202
0.618,855,0,0,0,1,0,86.5241980141,33.0537659917,2.85730852386,92.6668899889,63.6447949328,0.157369778445,6.94953084134,0.420739304998,0.00103737720847,1358.64716247
0.619,855,0,0,0,1,0,86.4805831295,33.1019192574,2.86141445986,92.6434887601,63.6711070836,0.157962656313,6.94369180748,0.420739304998,0.00103314687337,1359.00373182
0.62,855,0,0,0,1,0,86.436898321,33.1500457584,2.86551781625,92.6200524589,63.6974527303,0.155605724907,7.04328208562,0.420739304998,0.00102728927417,1359.36162056
0.621,855,0,0,0,1,0,86.3931435931,33.1981454442,2.86961858831,92.5965811014,63.7238318379,0.156217738478,7.10746418834,0.420739304998,0.00102576385361,1359.72046798
0.622,855,0,0,0,1,0,86.3493078863,33.2462304004,2.87371780595,92.5730687744,63.7502443661,0.159865698188,7.13194081964,0.420739304998,0.00102545043594,1360.08037286
0.623,855,0,0,0,1,0,86.305418874,33.2942702383,2.87781287819,92.549530332,63.7766902826,0.158094225494,7.15170545946,0.420739304998,0.00102195309422,1360.44125696
0.624,855,0,0,0,1,0,86.2614488654,33.3422952349,2.88190638558,92.5259509343,63.8031695548,0.157812236843,7.10062034826,0.420739304998,0.00101711176778,1360.80225233
0.625,855,0,0,0,1,0,86.2174145053,33.3902871513,2.88599677306,92.5023395239,63.829682145,0.153213949934,7.00702758961,0.420739304998,0.00101705050505,1361.16325711
0.626,855,0,0,0,1,0,86.1733102486,33.4382519982,2.89008455257,92.4786931386,63.8562280207,0.157635016447,6.86416481263,0.420739304998,0.00102009415646,1361.52431349
0.627,855,0,0,0,1,0,86.1291249477,33.486201827,2.89417075071,92.4550058212,63.8828071417,0.159459544577,6.8457405224,0.420739304998,0.0010170884827,1361.88570334
0.628,855,0,0,0,1,0,86.0848809118,33.5341123819,2.89825330006,92.4312895455,63.9094194729,0.160124015768,6.94528519214,0.420739304998,0.00101900380016,1362.24739105
0.629,855,0,0,0,1,0,86.0405669934,33.5819957142,2.90233322721,92.4075383443,63.9360649844,0.162818361533,7.0629390299,0.420739304998,0.00102067658175,1362.60968174
0.63,855,0,0,0,1,0,85.9961831969,33.6298517728,2.90641052742,92.3837522341,63.962743641,0.1625336333,7.16878053324,0.420739304998,0.00101856182024,1362.97287207
0.631,855,0,0,0,1,0,85.9517267216,33.6776835255,2.91048545311,92.3599297295,63.9894554064,0.163931255403,7.1321266381,0.420739304998,0.00101461935509,1363.33775934
0.632,855,0,0,0,1,0,85.9072003734,33.7254879004,2.91455774219,92.3360723496,64.0162002444,0.164997343415,7.12242547753,0.420739304998,0.00101446477033,1363.70495898
0.633,855,0,0,0,1,0,85.8626013426,33.7732678618,2.91862764674,92.3121786045,64.0429781189,0.16348383852,7.07435233273,0.420739304998,0.00101566152126,1364.07564971
0.634,855,0,0,0,1,0,85.8179380818,33.8210143143,2.92269439165,92.2882530356,64.0697889961,0.163186675794,7.06803935793,0.420739304998,0.0010189412297,1364.44960076
0.635,855,0,0,0,1,0,85.773204967,33.8687332371,2.92675848585,92.2642926414,64.0966328435,0.163466393176,7.12235288862,0.420739304998,0.00102159364598,1364.82674371
0.636,855,0,0,0,1,0,85.7283963473,33.916430599,2.93082043724,92.2402944124,64.1235096235,0.164314800905,7.16239106882,0.420739304998,0.00101622190077,1365.20593187
0.637,855,0,0,0,1,0,85.6835178743,33.9641003252,2.93487972804,92.2162613926,64.1504192983,0.16368712796,7.1523607756,0.420739304998,0.00101955501122,1365.58737672
0.638,855,0,0,0,1,0,85.638575226,34.011736351,2.93893584148,92.1921966341,64.1773618351,0.160766148549,7.01251354054,0.420739304998,0.00102217559195,1365.97064085
0.639,855,0,0,0,1,0,85.5935627429,34.0593446416,2.94298928513,92.1680971181,64.204337201,0.160192107194,6.86662448669,0.420739304998,0.00102077516245,1366.35576395
0.64,855,0,0,0,1,0,85.5484690485,34.1069371579,2.94704107687,92.1439567738,64.2313453556,0.158904236654,6.76463300407,0.420739304998,0.00101479338578,1366.7426631
0.641,855,0,0,0,1,0,85.5033226103,34.1544838211,2.9510886556,92.1197908526,64.2583862659,0.15777018202,6.80736421191,0.420739304998,0.00100979094275,1367.13062379
0.642,855,0,0,0,1,0,85.4580949441,34.2020145962,2.95513457185,92.0955841192,64.2854598991,0.159292732477,6.80918775844,0.420739304998,0.0010077901908,1367.5200077
0.643,855,0,0,0,1,0,85.4128031713,34.249511431,2.95917728854,92.0713457546,64.3125662174,0.157541148322,6.87960641972,0.420739304998,0.00100678852608,1367.91079796
0.644,855,0,0,0,1,0,85.3674415885,34.2969802728,2.96321731152,92.0470727185,64.3397051882,0.158117672879,6.92951689631,0.420739304998,0.00100275879266,1368.30324694
0.645,855,0,0,0,1,0,85.3220073333,34.3444240642,2.96725489082,92.0227634951,64.3668767748,0.161664228039,6.97619006813,0.420739304998,0.00100185204831,1368.69755636
0.646,855,0,0,0,1,0,85.2764975301,34.3918457424,2.97129027596,91.9984165651,64.3940809382,0.165764261076,6.93956655087,0.420739304998,0.00100217648896,1369.09353959
0.647,855,0,0,0,1,0,85.2309265475,34.4392302951,2.97532218908,91.9740396285,64.4213176446,0.166691536087,6.8136460693,0.420739304998,0.00100584797446,1369.49084647
0.648,855,0,0,0,1,0,85.185285775,34.4865866478,2.97935138932,91.94962809,64.4485868623,0.165130518991,6.81834074249,0.420739304998,0.00100184481888,1369.88976449
0.649,855,0,0,0,1,0,85.1395752178,34.5339147487,2.98337787187,91.925181967,64.4758885562,0.163602987803,6.91181383259,0.420739304998,0.00100223647821,1370.29061126
0.65,855,0,0,0,1,0,85.0937891021,34.5812205167,2.98740213986,91.9006981895,64.5032226885,0.166560314249,7.01625467259,0.420739304998,0.00100234600558,1370.69376414
0.651,855,0,0,0,1,0,85.0479389908,34.6284919584,2.99142317263,91.8761829556,64.5305892239,0.1697765738,7.13035643766,0.420739304998,0.00100018505741,1371.09877876
0.652,855,0,0,0,1,0,85.0020133137,34.675740956,2.99544198052,91.8516300938,64.5579881272,0.166860672106,7.15648560665,0.420739304998,0.000999171826325,1371.50606808
0.653,855,0,0,0,1,0,84.956023669,34.7229555306,2.99945754426,91.8270458198,64.5854193629,0.163845515291,7.12962078267,0.420739304998,0.00100585928758,1371.91399926
0.654,855,0,0,0,1,0,84.9099526372,34.7701535063,3.00347137935,91.8024208396,64.6128828931,0.160581774662,7.07350941628,0.420739304998,0.00100757513451,1372.32291943
0.655,855,0,0,0,1,0,84.8638234799,34.8173110055,3.00748145479,91.7777676019,64.6403786822,0.158275551473,7.05903371131,0.420739304998,0.00100505044358,1372.7320079
0.656,855,0,0,0,1,0,84.8176245742,34.864439889,3.01148877884,91.7530799039,64.6679066998,0.156483847576,7.06049997653,0.420739304998,0.00100272304072,1373.14220647
0.657,855,0,0,0,1,0,84.7713559254,34.9115401044,3.01549334668,91.7283577637,64.6954669103,0.153218787373,7.04144451439,0.420739304998,0.000995848236526,1373.55323334
0.658,855,0,0,0,1,0,84.7250175388,34.9586115996,3.01949515349,91.7036011992,64.7230592782,0.150124583671,7.03514652021,0.420739304998,0.000989678072874,1373.96479879
0.659,855,0,0,0,1,0,84.6786035616,35.0056602605,3.02349469922,91.6788071018,64.7506837655,0.149411532109,6.99114011716,0.420739304998,0.000983945156952,1374.37668218
0.66,855,0,0,0,1,0,84.6321198484,35.0526800931,3.0274914739,91.6539786172,64.7783403342,0.152619156978,6.98008681071,0.420739304998,0.000983535131421,1374.78875802
0.661,855,0,0,0,1,0,84.5855722804,35.0996651139,3.03148496857,91.6291188991,64.8060289515,0.151850359876,7.08280745296,0.420739304998,0.000979854037141,1375.20110873
0.662,855,0,0,0,1,0,84.538954996,35.1466212052,3.03547568286,91.6042248293,64.8337495844,0.15416146758,7.31633745974,0.420739304998,0.000978116062884,1375.61365779
0.663,855,0,0,0,1,0,84.492256214,35.1935601618,3.03946461871,91.5792901379,64.8615021923,0.152389029506,7.487030652,0.420739304998,0.000982406641514,1376.02615241
0.664,855,0,0,0,1,0,84.4454877089,35.2404700768,3.04345076377,91.5543211333,64.8892867349,0.155222319656,7.49585037728,0.420739304998,0.000975876281129,1376.43867303
0.665,855,0,0,0,1,0,84.3986790407,35.2873213159,3.04743159972,91.5293335976,64.9171031892,0.152444887884,7.29489315906,0.420739304998,0.000974881378585,1376.85198842
0.666,855,0,0,0,1,0,84.3517770255,35.3341670772,3.0514116463,91.5042991528,64.9449515223,0.152648724815,7.14676412171,0.420739304998,0.000978375650179,1377.26570931
0.667,855,0,0,0,1,0,84.304811241,35.3809777337,3.0553883859,91.4792336105,64.9728316911,0.151025453082,7.15461755989,0.420739304998,0.000984154032379,1377.67907488
0.668,855,0,0,0,1,0,84.2577638984,35.4277709561,3.05936331926,91.4541274957,65.0007436575,0.14890645721,7.25703346824,0.420739304998,0.000984349696131,1378.09258291
0.669,855,0,0,0,1,0,84.2106646986,35.474517169,3.06333393371,91.4289966703,65.0286873888,0.153306569209,7.38929228294,0.420739304998,0.000980324807807,1378.50619837
0.67,855,0,0,0,1,0,84.1634839254,35.5212458313,3.06730273113,91.4038252914,65.0566628521,0.154774295068,7.42971238612,0.420739304998,0.000972746519345,1378.92057151
0.671,855,0,0,0,1,0,84.1162394403,35.5679391929,3.07126820351,91.378622907,65.0846700096,0.155146925243,7.34333802631,0.420739304998,0.000968067770688,1379.33587233
0.672,855,0,0,0,1,0,84.0689252942,35.6146030988,3.07523084693,91.3533863563,65.1127088286,0.154790504184,7.16721575766,0.420739304998,0.000962493872715,1379.75239145
0.673,855,0,0,0,1,0,84.02152953,35.6612492696,3.07919165618,91.3281092834,65.1407792684,0.157027382338,7.00998248108,0.420739304998,0.000965915270277,1380.17018753
0.674,855,0,0,0,1,0,83.9740760787,35.7078541057,3.08314862701,91.3028044671,65.1688812938,0.15600009836,7.00720753037,0.420739304998,0.000965860838158,1380.58922689
0.675,855,0,0,0,1,0,83.9265529833,35.7544293274,3.08710275423,91.277465541,65.1970148741,0.159393704538,7.00821397075,0.420739304998,0.000967673599281,1381.01014367
0.676,855,0,0,0,1,0,83.8789602495,35.8009748818,3.09105403295,91.2520925243,65.2251799738,0.163601232572,6.96255900268,0.420739304998,0.000965147838587,1381.43353589
0.677,855,0,0,0,1,0,83.8312858503,35.8475024593,3.09500345512,91.2266790269,65.2533765522,0.166380165588,6.9642723616,0.420739304998,0.000959105783876,1381.8596799
0.678,855,0,0,0,1,0,83.7835598825,35.893982652,3.09894852413,91.2012411054,65.2816045761,0.162743004798,6.93814644511,0.420739304998,0.000958804026462,1382.28786616
0.679,855,0,0,0,1,0,83.7357522344,35.9404447504,3.10289172572,91.1757627233,65.3098640125,0.164932730687,6.88791868971,0.420739304998,0.000959935444607,1382.71816187
0.68,855,0,0,0,1,0,83.6878810052,35.9868711049,3.10683156155,91.1502535456,65.3381548232,0.16521085029,6.9241334103,0.420739304998,0.000960999740913,1383.15023195
0.681,855,0,0,0,1,0,83.6399401668,36.0332675266,3.11076852442,91.124710373,65.3664769751,0.165784994459,6.93820713391,0.420739304998,0.000956838949929,1383.58337975
0.682,855,0,0,0,1,0,83.5919236645,36.0796398151,3.11470310602,91.0991299989,65.3948304302,0.164021612699,7.02221759144,0.420739304998,0.000954529991704,1384.01817481
0.683,855,0,0,0,1,0,83.5438375559,36.1259820604,3.11863480448,91.0735156697,65.4232151501,0.165880443539,7.09434912868,0.420739304998,0.000948880893263,1384.45428283
0.684,855,0,0,0,1,0,83.495687925,36.172288364,3.12256311902,91.0478706395,65.4516311018,0.163462830572,7.13580100744,0.420739304998,0.0009460246358,1384.89208324
0.685,855,0,0,0,1,0,83.4474687085,36.2185645215,3.12648854096,91.0221916922,65.480078252,0.16355182224,7.22892423756,0.420739304998,0.000944643954302,1385.33277694
0.686,855,0,0,0,1,0,83.3991738168,36.2648163172,3.13041156053,90.9964756042,65.5085565626,0.164990469339,7.16871990048,0.420739304998,0.000952766356811,1385.77655724
0.687,855,0,0,0,1,0,83.350815447,36.3110320223,3.13433118251,90.9707288866,65.5370659978,0.167140340317,7.04982168525,0.420739304998,0.000954484354773,1386.22273546
0.688,855,0,0,0,1,0,83.3023813966,36.357223251,3.13824839154,90.9449450592,65.5656065217,0.164437128988,6.94820683625,0.420739304998,0.000953733480901,1386.671362
0.689,855,0,0,0,1,0,83.2538838977,36.4033782896,3.14216219388,90.9191306503,65.5941780988,0.165646815311,6.86427631741,0.420739304998,0.000952324245339,1387.12210956
0.69,855,0,0,0,1,0,83.2053168435,36.4495029148,3.14607307899,90.8932824227,65.6227806957,0.166636208926,6.78293580239,0.420739304998,0.000950918408541,1387.57531931
0.691,855,0,0,0,1,0,83.1566741005,36.4956028912,3.14998153526,90.8673971319,65.6514142744,0.167267567076,6.85405347564,0.420739304998,0.000947397309559,1388.03083625
0.692,855,0,0,0,1,0,83.1079679538,36.5416665282,3.15388657113,90.8414813319,65.6800787993,0.165927313647,6.82007523656,0.420739304998,0.000940506955505,1388.48863023
0.693,855,0,0,0,1,0,83.0591915004,36.587700317,3.15778873655,90.8155313638,65.7087742371,0.163766244589,6.95270237261,0.420739304998,0.000935049707353,1388.94809745
0.694,855,0,0,0,1,0,83.0103408908,36.6337078321,3.16168833409,90.7895451991,65.7375005501,0.1635623289,6.84585429255,0.420739304998,0.000924512362625,1389.40966565
0.695,855,0,0,0,1,0,82.9614261517,36.679679584,3.16558455904,90.7635281878,65.7662577032,0.161283989701,6.83976246561,0.420739304998,0.000920233761304,1389.8721444
0.696,855,0,0,0,1,0,82.9124295276,36.7256321981,3.16947882003,90.7374709065,65.7950456584,0.159914022011,6.88741136847,0.420739304998,0.000919088550744,1390.33550997
0.697,855,0,0,0,1,0,82.8633819501,36.7715366287,3.17336865521,90.7113898189,65.8238643828,0.162503609897,6.91516349671,0.420739304998,0.00091953261286,1390.79926467
0.698,855,0,0,0,1,0,82.8142524739,36.8174218021,3.1772565154,90.6852684835,65.8527138435,0.164822224347,6.94009694573,0.420739304998,0.000922079610904,1391.26324216
0.699,855,0,0,0,1,0,82.7650596991,36.8632702862,3.18114092315,90.65911681,65.8815940026,0.163488905227,6.95879254065,0.420739304998,0.000924870537374,1391.72654135
0.7,855,0,0,0,1,0,82.7157912128,36.9090936019,3.18502285416,90.6329282163,65.9105048243,0.160967305454,6.97530623212,0.420739304998,0.000930851435571,1392.18943503
0.701,855,0,0,0,1,0,82.6664532311,36.9548859077,3.18890181313,90.6067060268,65.9394462705,0.159855560107,6.94664040065,0.420739304998,0.000932565940902,1392.65172537
0.702,855,0,0,0,1,0,82.6170519962,37.0006413737,3.19277730588,90.5804535732,65.9684183078,0.160462778223,6.8768517981,0.420739304998,0.000939530434727,1393.11358962
0.703,855,0,0,0,1,0,82.5675812874,37.0463657254,3.19664981702,90.5541675638,65.9974209029,0.159499858581,6.92387550082,0.420739304998,0.000938896433169,1393.57532176
0.704,855,0,0,0,1,0,82.5180411112,37.0920589086,3.20051934158,90.5278480191,66.0264540198,0.161255400522,7.01459451287,0.420739304998,0.000933542721562,1394.03889308
0.705,855,0,0,0,1,0,82.4684283429,37.137723751,3.20438611862,90.5014932979,66.0555176215,0.160631375571,7.06664265335,0.420739304998,0.000935737929151,1394.50461401
0.706,855,0,0,0,1,0,82.4187398448,37.1833630742,3.20825038662,90.4751017555,66.0846116683,0.158928974542,7.18165110972,0.420739304998,0.000931264766517,1394.97214161
0.707,855,0,0,0,1,0,82.3689913054,37.2289624261,3.21211092155,90.4486817403,66.1137361256,0.159110533016,7.37338652903,0.420739304998,0.000928435730793,1395.4409543
0.708,855,0,0,0,1,0,82.3191733246,37.274530392,3.21596844995,90.4222282731,66.1428909617,0.156280344084,7.60254256103,0.420739304998,0.000927773189049,1395.91089611
0.709,855,0,0,0,1,0,82.2692796119,37.3200726657,3.2198234534,90.395738034,66.1720761384,0.156115806051,7.70773127744,0.420739304998,0.000926657729865,1396.38100704
0.71,855,0,0,0,1,0,82.2193227684,37.3655776966,3.22367495378,90.3692177309,66.2012916199,0.154622100142,7.58510581657,0.420739304998,0.000922561386605,1396.85201017
0.711,855,0,0,0,1,0,82.1692901885,37.4110569182,3.22752391845,90.3426606896,66.2305373705,0.154803001444,7.44295683725,0.420739304998,0.000922966249644,1397.32482546
0.712,855,0,0,0,1,0,82.1191945089,37.4564987957,3.2313693708,90.3160736349,66.2598133543,0.15520723222,7.25360459131,0.420739304998,0.000910801470516,1397.79996755
0.713,855,0,0,0,1,0,82.0690294211,37.5019090147,3.23521179164,90.2894532335,66.2891195382,0.156457638347,7.15368302181,0.420739304998,0.000909608264311,1398.27688215
0.714,855,0,0,0,1,0,82.0187822498,37.5472989768,3.23905214524,90.262792783,66.318455881,0.155530635596,7.13376040469,0.420739304998,0.000910036502318,1398.75541995
0.715,855,0,0,0,1,0,81.9684847162,37.5926399904,3.24288800373,90.2361091288,66.3478223495,0.156256606725,7.17235455655,0.420739304998,0.00090953798167,1399.23519387
0.716,855,0,0,0,1,0,81.9181050862,37.6379606255,3.2467217838,90.2093854502,66.37721891,0.156750986334,7.20853517252,0.420739304998,0.000914067783765,1399.71624105
0.717,855,0,0,0,1,0,81.867662434,37.6832436629,3.25055202841,90.1826318858,66.4066455242,0.156933280377,7.25479079887,0.420739304998,0.000914188500424,1400.19808556
0.718,855,0,0,0,1,0,81.8171504078,37.7284947679,3.25437921642,90.1558450816,66.4361021585,0.159357812317,7.24757530179,0.420739304998,0.000914757326075,1400.68084635
0.719,855,0,0,0,1,0,81.7665562445,37.7737253016,3.25820430823,90.1290182935,66.4655887718,0.160397039071,7.25282648315,0.420739304998,0.000908329450421,1401.16461286
0.72,855,0,0,0,1,0,81.7159118845,37.818906673,3.2620248856,90.1021684723,66.4951053309,0.159528081761,7.26359962005,0.420739304998,0.000906350232614,1401.64901087
0.721,855,0,0,0,1,0,81.665185375,37.8640673509,3.26584335555,90.0752786924,66.5246518026,0.160068162728,7.17186888595,0.420739304998,0.000901895107058,1402.13450351
0.722,855,0,0,0,1,0,81.6143959217,37.9091901766,3.26965826682,90.048359156,66.5542281486,0.159689162978,7.1556905302,0.420739304998,0.000898776115965,1402.62083975
0.723,855,0,0,0,1,0,81.563530709,37.9542864866,3.27347057748,90.0214030886,66.5838343332,0.156295278869,7.17577243863,0.420739304998,0.000891453662542,1403.10875317
0.724,855,0,0,0,1,0,81.5125961553,37.9993505299,3.27727980094,89.9944139131,66.6134703181,0.161169278077,7.27425494033,0.420739304998,0.000892338397124,1403.59825098
0.725,855,0,0,0,1,0,81.461598705,38.0443765676,3.28108545174,89.9673950592,66.64313607,0.161608381053,7.35426986955,0.420739304998,0.000892307374214,1404.08867579
0.726,855,0,0,0,1,0,81.4105319365,38.0893702323,3.28488800562,89.9403431397,66.6728315556,0.161695229111,7.36620027072,0.420739304998,0.000895003326818,1404.58013442
0.727,855,0,0,0,1,0,81.359395857,38.1343314686,3.28868745754,89.9132581768,66.7025567391,0.162639798691,7.42081203527,0.420739304998,0.000896839845258,1405.07314745
0.728,855,0,0,0,1,0,81.3081872417,38.179263057,3.29248404203,89.8861384824,66.7323115834,0.163566654982,7.40537801435,0.420739304998,0.000892773218296,1405.56803623
0.729,855,0,0,0,1,0,81.2569093253,38.2241621042,3.29627751423,89.8589857895,66.7620960512,0.164135471562,7.31614445779,0.420739304998,0.000899796698126,1406.06482168
0.73,855,0,0,0,1,0,81.205562115,38.2690285549,3.30006786909,89.8318001205,66.7919101065,0.162896878434,7.21565606574,0.420739304998,0.000904176251664,1406.56447084
0.731,855,0,0,0,1,0,81.1541456181,38.3138623535,3.30385510152,89.8045814977,66.8217537134,0.15907874257,7.10904806777,0.420739304998,0.00090133778641,1407.0656664
0.732,855,0,0,0,1,0,81.1026500937,38.3586719269,3.30763992293,89.777324788,66.8516268317,0.161136491337,7.09500173007,0.420739304998,0.000902205893377,1407.56849855
0.733,855,0,0,0,1,0,81.0511080601,38.4034289532,3.31141994081,89.7500472154,66.8815294306,0.15990602872,7.11539987106,0.420739304998,0.00089472233469,1408.07292755
0.734,855,0,0,0,1,0,80.9994772308,38.4481701089,3.31519825238,89.7227264178,66.9114614752,0.159795704262,6.91547100868,0.420739304998,0.000888521375599,1408.57946745
0.735,855,0,0,0,1,0,80.9477869227,38.4928699223,3.31897270615,89.6953779319,66.9414229254,0.160230956105,6.73886505783,0.420739304998,0.000882229819357,1409.08804425
0.736,855,0,0,0,1,0,80.8960273689,38.5375368075,3.3227440123,89.6679966043,66.9714137492,0.157935575513,6.66088681339,0.420739304998,0.000885085644395,1409.59880956
0.737,855,0,0,0,1,0,80.8441920345,38.5821763431,3.32651264139,89.6405789999,67.0014339077,0.158328917615,6.72210582281,0.420739304998,0.000884942227671,1410.11174367
0.738,855,0,0,0,1,0,80.7922940117,38.6267772047,3.33027763702,89.6131320624,67.0314833648,0.155268570159,6.8749971237,0.420739304998,0.000880395656631,1410.6266745
0.739,855,0,0,0,1,0,80.7403202058,38.6713505966,3.33403994461,89.5856488856,67.0615620845,0.157850310561,7.06121254707,0.420739304998,0.000880447934721,1411.14381414
0.74,855,0,0,0,1,0,80.688283744,38.7158852112,3.33779860934,89.5581364299,67.0916700306,0.160102735068,7.19672045448,0.420739304998,0.000884502709943,1411.66266373
0.741,855,0,0,0,1,0,80.636178074,38.7603866183,3.34155410096,89.5305912467,67.1218071696,0.160518431039,7.22925595564,0.420739304998,0.00088097669667,1412.18140586
0.742,855,0,0,0,1,0,80.5839900312,38.8048659884,3.34530736169,89.5030064024,67.1519734604,0.159231094967,7.27261810884,0.420739304998,0.000882898958558,1412.69940582
0.743,855,0,0,0,1,0,80.5317525622,38.8492952035,3.34905601852,89.4753993272,67.1821688694,0.158397217592,7.29239193011,0.420739304998,0.000883948525624,1413.21688107
0.744,855,0,0,0,1,0,80.4794327096,38.8937022567,3.35280243302,89.4477526193,67.2123933633,0.154391032151,7.31535963707,0.420739304998,0.000878913020441,1413.73488869
0.745,855,0,0,0,1,0,80.4270502828,38.9380702733,3.35654518111,89.4200767689,67.2426469033,0.156715099691,7.35263719377,0.420739304998,0.000874182793556,1414.25265994
0.746,855,0,0,0,1,0,80.3745854439,38.9824159947,3.36028567462,89.3923613173,67.2729294508,0.16164693313,7.4457740264,0.420739304998,0.000871095834422,1414.77026851
0.747,855,0,0,0,1,0,80.3220646848,39.0267169789,3.36402202023,89.3646202786,67.3032409697,0.156686051466,7.44795814767,0.420739304998,0.000865435229734,1415.28880607
0.748,855,0,0,0,1,0,80.2694747712,39.0709843626,3.36775515691,89.3368466754,67.3335814291,0.154024921903,7.38571401933,0.420739304998,0.000863427948215,1415.80825729
0.749,855,0,0,0,1,0,80.2168190344,39.1152152975,3.37148484411,89.3090422848,67.3639507942,0.153593299616,7.36391318636,0.420739304998,0.000861510638138,1416.32910083
0.75,855,0,0,0,1,0,80.1640875072,39.1594181005,3.37521178274,89.2812018647,67.3943490274,0.153291209665,7.33252646784,0.420739304998,0.000859344950258,1416.85049688
0.751,855,0,0,0,1,0,80.1112835124,39.2035899191,3.37893573184,89.2533271941,67.4247760887,0.153702185197,7.30087719437,0.420739304998,0.000861575140387,1417.37308577
0.752,855,0,0,0,1,0,80.0584103856,39.2477279071,3.38265645104,89.2254200551,67.4552319406,0.156849589269,7.29920285434,0.420739304998,0.000868916272915,1417.89619223
0.753,855,0,0,0,1,0,80.0054748171,39.2918264414,3.38637346601,89.1974839952,67.4857165495,0.157867962367,7.26985890572,0.420739304998,0.000872249453772,1418.42046308
0.754,855,0,0,0,1,0,79.9524701414,39.3358910361,3.3900872412,89.169515513,67.5162298819,0.161582740541,7.23307554457,0.420739304998,0.000874966517896,1418.94691647
0.755,855,0,0,0,1,0,79.8993930167,39.3799244137,3.39379800565,89.1415128667,67.5467719002,0.16269084533,7.25629401273,0.420739304998,0.00087088362448,1419.47609985
0.756,855,0,0,0,1,0,79.8462501506,39.4239209594,3.39750528581,89.113479615,67.5773425683,0.161903617309,7.23517166612,0.420739304998,0.000873301848937,1420.0078307
0.757,855,0,0,0,1,0,79.7930348428,39.4678861702,3.40120954451,89.0854122432,67.60794185,0.160352783514,7.19662939391,0.420739304998,0.000869148250534,1420.54120947
0.758,855,0,0,0,1,0,79.7397470929,39.5118199849,3.40491077615,89.0573107743,67.6385697062,0.156846407476,7.18004162857,0.420739304998,0.000865122667864,1421.07687281
0.759,855,0,0,0,1,0,79.6863970017,39.5557140312,3.40860827507,89.0291805534,67.6692261018,0.15795904312,7.22893139914,0.420739304998,0.00086128110668,1421.61380119
0.76,855,0,0,0,1,0,79.6329711087,39.5995793338,3.41230296955,89.001014503,67.6999110005,0.161404310377,7.36667902981,0.420739304998,0.000857251076238,1422.15148999
0.761,855,0,0,0,1,0,79.5794761564,39.6434102948,3.41599438768,88.9728162013,67.7306243631,0.159423612688,7.39767340913,0.420739304998,0.000854470035448,1422.69160507
0.762,855,0,0,0,1,0,79.5259189137,39.6872013295,3.4196820588,88.944589233,67.7613661559,0.161676914459,7.36903020938,0.420739304998,0.000851583651619,1423.23296834
0.763,855,0,0,0,1,0,79.472292637,39.730957913,3.42336644362,88.9163300608,67.7921363451,0.164272578046,7.25539725764,0.420739304998,0.000850484482827,1423.77546819
0.764,855,0,0,0,1,0,79.4185973346,39.7746799881,3.42704753696,88.8880387092,67.8229348944,0.16201885688,7.20408041716,0.420739304998,0.000844649097606,1424.31965789
0.765,855,0,0,0,1,0,79.364826228,39.8183730124,3.43072579788,88.8597116305,67.8537617649,0.159000996093,7.20927242915,0.420739304998,0.000838796595842,1424.86559561
0.766,855,0,0,0,1,0,79.3109861037,39.8620314096,3.43440075652,88.8313524236,67.8846169181,0.166672125555,7.25395414497,0.420739304998,0.000831543709689,1425.41382987
0.767,855,0,0,0,1,0,79.2570837743,39.9056496165,3.43807194427,88.8029646938,67.9155003205,0.169656818962,7.25507076287,0.420739304998,0.000835785179102,1425.96395305
0.768,855,0,0,0,1,0,79.2031124526,39.949233086,3.44173981975,88.7745448838,67.9464119389,0.167664923837,7.17014351927,0.420739304998,0.00083732715757,1426.5150224
0.769,855,0,0,0,1,0,79.1490653257,39.992787258,3.44540484035,88.74608943,67.9773517344,0.168908054651,7.03504031563,0.420739304998,0.000844840057807,1427.06718714
0.77,855,0,0,0,1,0,79.0949560452,40.0363010807,3.4490660757,88.7176055403,68.0083196709,0.169454749611,6.98041885344,0.420739304998,0.000852787769203,1427.61921541
0.771,855,0,0,0,1,0,79.0407572811,40.0797964589,3.45272536838,88.6890788555,68.0393157067,0.171316111422,6.94999844345,0.420739304998,0.000851121723757,1428.17166008
0.772,855,0,0,0,1,0,78.9865237712,40.123229437,3.4563790201,88.6605381996,68.0703398105,0.169325825502,7.00156026039,0.420739304998,0.000846930968378,1428.72433198
0.773,855,0,0,0,1,0,78.9322076164,40.1666383584,3.46003025613,88.6319583761,68.1013919539,0.172320441469,7.05034081112,0.420739304998,0.000845022079117,1429.27801777
0.774,855,0,0,0,1,0,78.8778156558,40.2100176725,3.4636786091,88.6033430146,68.1324720922,0.169534555177,7.15885527395,0.420739304998,0.00084045122022,1429.83288003
0.775,855,0,0,0,1,0,78.8233547544,40.2533618422,3.46732361286,88.574695751,68.1635801863,0.167647795957,7.28883268876,0.420739304998,0.000837162688368,1430.38980606
0.776,855,0,0,0,1,0,78.7688318034,40.2966653436,3.47096480257,88.5460202276,68.1947162023,0.167415897059,7.34658341806,0.420739304998,0.000836196729753,1430.9494181
0.777,855,0,0,0,1,0,78.7142399377,40.3399335895,3.47460263303,88.5173128514,68.2258801062,0.167114879006,7.28364948904,0.420739304998,0.000836766475319,1431.51124409
0.778,855,0,0,0,1,0,78.6595722662,40.3831719793,3.4782375578,88.4885700231,68.257071859,0.166969185265,7.15757351066,0.420739304998,0.000834652237857,1432.07600804
0.779,855,0,0,0,1,0,78.604846052,40.4263668142,3.48186842489,88.4598008385,68.2882914254,0.16754906668,7.0805238083,0.420739304998,0.000836918038054,1432.64209184
0.78,855,0,0,0,1,0,78.5500440366,40.4695316706,3.48549637515,88.4309962444,68.3195387702,0.165836728475,7.04644209712,0.420739304998,0.000834703515412,1433.21036202
0.781,855,0,0,0,1,0,78.4951696747,40.5126637596,3.48912117373,88.4021580829,68.3508138528,0.162411907551,7.08274556741,0.420739304998,0.000839362593451,1433.78106385
0.782,855,0,0,0,1,0,78.4402333684,40.5557548595,3.49274212933,88.3732918403,68.3821166379,0.158187460008,7.07787350957,0.420739304998,0.000841181324459,1434.35375162
0.783,855,0,0,0,1,0,78.385214314,40.5988212261,3.4963606075,88.34438661,68.4134470861,0.159165052516,7.06724121122,0.420739304998,0.000841645984638,1434.92844258
0.784,855,0,0,0,1,0,78.3301472461,40.6418356309,3.49997432017,88.3154606583,68.4448051634,0.158222704701,7.0689301142,0.420739304998,0.0008369968353,1435.50480289
0.785,855,0,0,0,1,0,78.2749974221,40.6848251724,3.50358554358,88.2864957533,68.4761908356,0.157619867387,7.09527082663,0.420739304998,0.000831606302744,1436.08285124
0.786,855,0,0,0,1,0,78.2197857247,40.7277735102,3.50719290468,88.2575028877,68.5076040636,0.161837047416,7.10819401781,0.420739304998,0.00082555254632,1436.66264652
0.787,855,0,0,0,1,0,78.1645052022,40.7706860118,3.51079685398,88.2284784291,68.5390448134,0.163312534808,7.08027399331,0.420739304998,0.000821324706802,1437.24209972
0.788,855,0,0,0,1,0,78.1091418902,40.8135734435,3.5143982952,88.1994150742,68.570513043,0.161506171371,7.07323521319,0.420739304998,0.000819655680921,1437.82219859
0.789,855,0,0,0,1,0,78.053723745,40.8564140977,3.51799540506,88.1703275204,68.602008716,0.160494616916,7.1682931004,0.420739304998,0.00082032906058,1438.40268169
0.79,855,0,0,0,1,0,77.9982368024,40.8992187404,3.52158908728,88.141208453,68.6335318012,0.159321563497,7.32795577581,0.420739304998,0.000820832511332,1438.98407764
0.791,855,0,0,0,1,0,77.9426810716,40.9419873132,3.52517933658,88.1120578987,68.6650822622,0.155998343561,7.43211900043,0.420739304998,0.000822969005968,1439.56698455
0.792,855,0,0,0,1,0,77.8870495404,40.9847251517,3.52876660041,88.0828722033,68.6966600597,0.155320748246,7.4352166054,0.420739304998,0.00082434727343,1440.15161357
0.793,855,0,0,0,1,0,77.831349231,41.0274267985,3.53235042029,88.0536550764,68.7282651545,0.155755200156,7.45553559399,0.420739304998,0.000832485366862,1440.7386456
0.794,855,0,0,0,1,0,77.7755942305,41.0700814249,3.53592988711,88.024413922,68.7598975151,0.150717726136,7.51292023952,0.420739304998,0.000835070535609,1441.32701924
0.795,855,0,0,0,1,0,77.7197563928,41.1127105122,3.53950680318,87.9951340008,68.7915571048,0.152001076708,7.53194841014,0.420739304998,0.000836412570747,1441.9169962
0.796,855,0,0,0,1,0,77.6638568614,41.1552978558,3.54307980835,87.9658264255,68.823243884,0.153407429826,7.67022855548,0.420739304998,0.000834663935787,1442.50839405
0.797,855,0,0,0,1,0,77.6078744684,41.1978595198,3.54665024994,87.9364801235,68.8549578132,0.155020726053,7.75017349229,0.420739304998,0.00083836138247,1443.10078046
0.798,855,0,0,0,1,0,77.5518445566,41.2403685936,3.55021587016,87.9071136405,68.8866988583,0.156932977265,7.80151889995,0.420739304998,0.000839172198449,1443.69362753
0.799,855,0,0,0,1,0,77.4957317764,41.2828518561,3.55377891486,87.8777084675,68.918466985,0.157460602306,7.66055819445,0.420739304998,0.000836061118011,1444.28691997
0.8,855,0,0,0,1,0,77.4395573753,41.3252931576,3.55733802914,87.8482757651,68.9502621539,0.156649877883,7.55128679039,0.420739304998,0.00082764392253,1444.8808261
0.801,855,0,0,0,1,0,77.3833107312,41.3677004774,3.56089388181,87.8188099882,68.9820843293,0.156144773633,7.49700341803,0.420739304998,0.000827614181511,1445.47658559
0.802,855,0,0,0,1,0,77.326995399,41.4100710778,3.5644462429,87.7893130234,69.0139334732,0.154862434462,7.37334901788,0.420739304998,0.000823306245947,1446.07305093
0.803,855,0,0,0,1,0,77.27060783,41.4524075713,3.56799533105,87.7597830362,69.045809547,0.153297971612,7.33593928157,0.420739304998,0.000822822560758,1446.67135907
0.804,855,0,0,0,1,0,77.2141587139,41.4947018859,3.5715404692,87.7302256455,69.077712515,0.158030654084,7.27742716323,0.420739304998,0.000821854865286,1447.27207648
0.805,855,0,0,0,1,0,77.1576409435,41.5369593056,3.57508209998,87.700637149,69.1096423428,0.158497921014,7.34997354347,0.420739304998,0.000820178353021,1447.87468131
0.806,855,0,0,0,1,0,77.1010473856,41.5791851007,3.57862066464,87.6710138384,69.1415989906,0.157896803195,7.4354529325,0.420739304998,0.000816446951436,1448.47939295
0.807,855,0,0,0,1,0,77.044394124,41.6213672217,3.58215515306,87.6413641546,69.173582422,0.161878426708,7.40781721209,0.420739304998,0.000808976572771,1449.08668587
0.808,855,0,0,0,1,0,76.9876614995,41.6635202511,3.58568678673,87.6116778324,69.2055925994,0.159334596899,7.37192642895,0.420739304998,0.000802425345169,1449.69498512
0.809,855,0,0,0,1,0,76.9308692107,41.7056294979,3.58921433445,87.5819652033,69.237629485,0.159081046086,7.3387026448,0.420739304998,0.000797125968866,1450.30506102
0.81,855,0,0,0,1,0,76.8740083173,41.7477015527,3.59273834799,87.5522216082,69.2696930455,0.159631106357,7.28200190572,0.420739304998,0.000798234842215,1450.91793152
0.811,855,0,0,0,1,0,76.8170644567,41.7897469682,3.59625971078,87.5224395645,69.3017832384,0.16257360856,7.25647543144,0.420739304998,0.000796844007217,1451.53301574
0.812,855,0,0,0,1,0,76.7600735791,41.8317391588,3.59977619593,87.4926378936,69.3339000297,0.163042948708,7.30665890026,0.420739304998,0.000793217714842,1452.14971158
0.813,855,0,0,0,1,0,76.7029997287,41.8737045766,3.60329001823,87.4627978131,69.366043385,0.162184424745,7.28599060957,0.420739304998,0.000791550066115,1452.76827381
0.814,855,0,0,0,1,0,76.6458645176,41.9156272671,3.60679984136,87.4329306494,69.3982132647,0.165101649556,7.21491056903,0.420739304998,0.000790817477661,1453.38867561
0.815,855,0,0,0,1,0,76.5886463109,41.9575230414,3.61030698863,87.4030251196,69.4304096294,0.16354941969,7.21903477411,0.420739304998,0.000783201279389,1454.01124405
0.816,855,0,0,0,1,0,76.5313812317,41.9993654084,3.61380924211,87.3731001235,69.4626324449,0.166104739247,7.28051009683,0.420739304998,0.000780067245338,1454.634026
0.817,855,0,0,0,1,0,76.4740331515,42.0411807253,3.61730880759,87.343136801,69.4948816772,0.16545586378,7.31710161808,0.420739304998,0.000779359846022,1455.2582031
0.818,855,0,0,0,1,0,76.4166237864,42.0829530942,3.62080435414,87.3131465256,69.5271572867,0.163127086787,7.29168254686,0.420739304998,0.000783608917098,1455.88271687
0.819,855,0,0,0,1,0,76.3591459086,42.1246877327,3.62429631805,87.2831255414,69.559459239,0.16198722874,7.33667308482,0.420739304998,0.000782525826722,1456.50762422
0.82,855,0,0,0,1,0,76.3015850004,42.1663951076,3.6277855746,87.2530662964,69.5917874918,0.162045256912,7.2969720304,0.420739304998,0.000785618798812,1457.13243286
0.821,855,0,0,0,1,0,76.2439701287,42.208054105,3.631270357,87.2229839934,69.6241420075,0.160289146478,7.36828887897,0.420739304998,0.000790581620207,1457.75781668
0.822,855,0,0,0,1,0,76.1862867757,42.2496751916,3.63475154054,87.1928710689,69.6565227544,0.160564501679,7.47202735146,0.420739304998,0.000790174868958,1458.38387651
0.823,855,0,0,0,1,0,76.128534952,42.2912583072,3.63822911978,87.1627275518,69.6889296948,0.162108636823,7.44405935799,0.420739304998,0.00079360108246,1459.01020085
0.824,855,0,0,0,1,0,76.0707073696,42.3328086355,3.64170352784,87.1325496658,69.7213627887,0.166209785085,7.34509824433,0.420739304998,0.00079755583206,1459.63644528
0.825,855,0,0,0,1,0,76.0128186364,42.3743156279,3.64517388223,87.102345058,69.7538219986,0.165569209158,7.27840309201,0.420739304998,0.000794070239653,1460.26246519
0.826,855,0,0,0,1,0,75.9548541485,42.4157897026,3.64864105366,87.0721061325,69.7863072871,0.166144656848,7.11331921521,0.420739304998,0.000792915628691,1460.88988904
0.827,855,0,0,0,1,0,75.8968285485,42.45722033,3.65210416147,87.0418405519,69.818818617,0.167804453316,7.06092676051,0.420739304998,0.000788607279418,1461.51845478
0.828,855,0,0,0,1,0,75.8387345312,42.4986126841,3.65556363783,87.0115445264,69.8513559537,0.166574604315,7.09516872322,0.420739304998,0.000785317411813,1462.14877616
0.829,855,0,0,0,1,0,75.7805647656,42.5399719245,3.65901991354,86.9812142606,69.8839192571,0.168727127732,7.20151584563,0.420739304998,0.000778230595594,1462.78114259
0.83,855,0,0,0,1,0,75.7223339463,42.5812875502,3.66247211067,86.9508574407,69.9165084899,0.162483724081,7.20205581292,0.420739304998,0.000781323818288,1463.41640782
0.831,855,0,0,0,1,0,75.6640273831,42.6225699311,3.66592109533,86.9204664325,69.9491236146,0.161701669012,7.15009194965,0.420739304998,0.000772392073647,1464.05348621
0.832,855,0,0,0,1,0,75.6056598054,42.6638085855,3.66936599143,86.8900489378,69.9817645938,0.162065891478,7.21248947461,0.420739304998,0.000768058307361,1464.6907242
0.833,855,0,0,0,1,0,75.5472238649,42.705008663,3.67280722882,86.8596011477,70.0144313927,0.156892440708,7.36503063931,0.420739304998,0.000770042266244,1465.32794145
0.834,855,0,0,0,1,0,75.4887121876,42.7461752987,3.67624523596,86.8291192483,70.0471239712,0.158532365741,7.57781887535,0.420739304998,0.000770323911677,1465.96567294
0.835,855,0,0,0,1,0,75.4301395547,42.7872980398,3.67967913954,86.7986109644,70.0798422915,0.154586363178,7.64677023094,0.420739304998,0.000772980701259,1466.60358431
0.836,855,0,0,0,1,0,75.3714911899,42.8283872073,3.683109801,86.7680686242,70.1125863159,0.155337954243,7.56425732812,0.420739304998,0.000780678965814,1467.24228952
0.837,855,0,0,0,1,0,75.3127837619,42.8694310727,3.68653624074,86.7375009319,70.1453560074,0.153273535229,7.53400375453,0.420739304998,0.000780225799919,1467.8829295
0.838,855,0,0,0,1,0,75.2539968995,42.9104438218,3.68995964262,86.7068973064,70.1781513275,0.14979798863,7.58101324916,0.420739304998,0.000783684729149,1468.5262701
0.839,855,0,0,0,1,0,75.1951510156,42.9514111575,3.69337881286,86.6762684,70.2109722376,0.153066286821,7.66954561026,0.420739304998,0.000785365920421,1469.17324863
0.84,855,0,0,0,1,0,75.1362294104,42.9923446554,3.69679471718,86.6456055444,70.2438187005,0.154126161113,7.74104209478,0.420739304998,0.000786738420917,1469.82417098
0.841,855,0,0,0,1,0,75.0772469687,43.0332339212,3.70020648782,86.6149165108,70.2766906783,0.156444541326,7.71177339663,0.420739304998,0.000788905266545,1470.47876623
0.842,855,0,0,0,1,0,75.0181962651,43.0740840602,3.70361455042,86.5841974568,70.3095881356,0.158444890301,7.55676918697,0.420739304998,0.000789393147906,1471.13609711
0.843,855,0,0,0,1,0,74.9590623859,43.1149053139,3.70701975894,86.5534406566,70.3425110291,0.16067466519,7.41379170726,0.420739304998,0.00078454997868,1471.7965651
0.844,855,0,0,0,1,0,74.899884532,43.1556705814,3.71041985236,86.5226665199,70.3754593243,0.164190084478,7.36626923434,0.420739304998,0.000777804951414,1472.45936047
0.845,855,0,0,0,1,0,74.8406235018,43.1964068271,3.7138170794,86.4918546813,70.4084329867,0.164215681607,7.3600485478,0.420739304998,0.000776838046863,1473.12368564
0.846,855,0,0,0,1,0,74.7812961214,43.237102412,3.71721046893,86.461013921,70.4414319736,0.165378260383,7.30476519531,0.420739304998,0.00077252913675,1473.78733538
0.847,855,0,0,0,1,0,74.7218892869,43.2777662574,3.7206007644,86.4301374572,70.4744562436,0.166289496492,7.18850826898,0.420739304998,0.000762798267138,1474.45162928
0.848,855,0,0,0,1,0,74.6624292539,43.3183803431,3.72398646305,86.3992389598,70.5075057601,0.16340788012,7.07609901945,0.420739304998,0.000757429090689,1475.11637318
0.849,855,0,0,0,1,0,74.6029010402,43.3589548707,3.72736841506,86.3683106608,70.5405804906,0.169143786875,7.03244822038,0.420739304998,0.000760258200159,1475.78130835
0.85,855,0,0,0,1,0,74.5433046574,43.3994897786,3.73074661488,86.337352592,70.573680397,0.169102564066,7.04099740686,0.420739304998,0.00075827256855,1476.44767159
0.851,855,0,0,0,1,0,74.4836401173,43.4399850046,3.73412105699,86.306364785,70.6068054414,0.172455615786,7.04429777295,0.420739304998,0.000764395456223,1477.11579136
0.852,855,0,0,0,1,0,74.4238998918,43.4804455938,3.73749216132,86.2753433595,70.6399555828,0.172897248295,7.04228394852,0.420739304998,0.000765259447599,1477.78562883
0.853,855,0,0,0,1,0,74.3640990728,43.5208612706,3.74085907137,86.244296178,70.6731307831,0.175804744727,7.00344768997,0.420739304998,0.000767643684921,1478.45762708
0.854,855,0,0,0,1,0,74.3042225751,43.5612421764,3.7442226316,86.2132154345,70.7063310041,0.173527823192,7.06542142332,0.420739304998,0.000768536690197,1479.1306653
0.855,855,0,0,0,1,0,74.244285525,43.6015780557,3.74758198739,86.1821090065,70.7395562076,0.171870006059,7.13432761163,0.420739304998,0.000765817261544,1479.80474871
0.856,855,0,0,0,1,0,74.1842803775,43.641873943,3.75093755772,86.1509730005,70.7728063582,0.172891559982,7.15463747189,0.420739304998,0.000757027110811,1480.4791245
0.857,855,0,0,0,1,0,74.1241919784,43.6821399391,3.75429018322,86.1197995869,70.8060814124,0.172637711205,7.14479863831,0.420739304998,0.00075071026931,1481.15461836
0.858,855,0,0,0,1,0,74.0640582638,43.7223505792,3.75763774331,86.0886084688,70.839381335,0.171739923304,7.16102741298,0.420739304998,0.000740713683277,1481.83081405
0.859,855,0,0,0,1,0,74.0038412963,43.7625311883,3.76098234599,86.0573799904,70.8727060911,0.171782632166,7.19055939058,0.420739304998,0.000736038699681,1482.50875949
0.86,855,0,0,0,1,0,73.9435638802,43.8026664847,3.76432271879,86.0261260084,70.90605564,0.172935622501,7.15759782679,0.420739304998,0.00073208861884,1483.18825675
0.861,855,0,0,0,1,0,73.8832031926,43.8427715999,3.76766012063,85.994834719,70.9394299411,0.170842004594,7.14406086732,0.420739304998,0.00073198500973,1483.86972724
0.862,855,0,0,0,1,0,73.8227973418,43.8828211702,3.77099244052,85.9635259003,70.9728289593,0.170417952602,7.25809049765,0.420739304998,0.000727563078785,1484.55204968
0.863,855,0,0,0,1,0,73.7623158531,43.9228353677,3.77432135661,85.9321837757,71.0062526621,0.173734453633,7.25401806253,0.420739304998,0.000728701284374,1485.23582314
0.864,855,0,0,0,1,0,73.7017625434,43.9628115967,3.77764665248,85.9008103555,71.0397010073,0.17197321637,7.17108712373,0.420739304998,0.000733046302957,1485.92159979
0.865,855,0,0,0,1,0,73.6411412425,44.002747269,3.78096811243,85.8694076525,71.0731739552,0.16969722756,7.24354127619,0.420739304998,0.000734922007671,1486.60945706
0.866,855,0,0,0,1,0,73.5804404724,44.0426498752,3.78428635899,85.8379697534,71.1066714632,0.167520259119,7.32040547712,0.420739304998,0.00073883700126,1487.3003879
0.867,855,0,0,0,1,0,73.5196870612,44.0825017303,3.78759992115,85.8065105778,71.1401934943,0.167176742531,7.20932155244,0.420739304998,0.000747553093118,1487.993851
0.868,855,0,0,0,1,0,73.4588657009,44.1223128427,3.79090963082,85.7750222178,71.1737400153,0.166799248695,7.01388392046,0.420739304998,0.000745812507365,1488.68896173
0.869,855,0,0,0,1,0,73.397976404,44.1620831494,3.79421548238,85.7435047069,71.2073109876,0.168370024683,6.96633237157,0.420739304998,0.000744540097784,1489.3848351
0.87,855,0,0,0,1,0,73.3370153361,44.201815095,3.79751767862,85.7119560891,71.2409063711,0.16876727235,6.97045144135,0.420739304998,0.000746224037684,1490.08173401
0.871,855,0,0,0,1,0,73.2759786496,44.2415111162,3.8008164216,85.6803744061,71.2745261229,0.168730641962,7.05838836185,0.420739304998,0.000744239938566,1490.77919814
0.872,855,0,0,0,1,0,73.2148856199,44.2811586277,3.80411066512,85.6487696567,71.3081702057,0.16642132241,7.19571445457,0.420739304998,0.000737569561071,1491.47671224
0.873,855,0,0,0,1,0,73.153724705,44.3207650811,3.80740102804,85.617135891,71.3418385847,0.163915038931,7.20758694134,0.420739304998,0.000737395090269,1492.17389654
0.874,855,0,0,0,1,0,73.0924959177,44.3603304133,3.81068750473,85.585473143,71.3755312215,0.162069902833,7.20103259957,0.420739304998,0.000733100278819,1492.87091996
0.875,855,0,0,0,1,0,73.0311915336,44.39985955,3.81397050391,85.5537774495,71.4092480743,0.164036981712,7.25691031556,0.420739304998,0.000732739755518,1493.56802595
0.876,855,0,0,0,1,0,72.9698192946,44.4393474335,3.81724960508,85.5220528445,71.4429891017,0.160552611385,7.33032936764,0.420739304998,0.00073513500162,1494.26529666
0.877,855,0,0,0,1,0,72.9083869685,44.4787890216,3.82052438922,85.490303367,71.4767542677,0.161776530195,7.44107814064,0.420739304998,0.000737649610771,1494.9618737
0.878,855,0,0,0,1,0,72.8468868223,44.5181892349,3.82379526455,85.4585250439,71.5105435364,0.159536009082,7.57588580829,0.420739304998,0.000734853515932,1495.6579245
0.879,855,0,0,0,1,0,72.7853188692,44.5575480096,3.82706222542,85.4267179096,71.5443568692,0.160688015968,7.61231950363,0.420739304998,0.000731981906504,1496.35494828
0.88,855,0,0,0,1,0,72.7236753422,44.5968702454,3.83032567805,85.3948779832,71.5781942243,0.156931096858,7.59503062129,0.420739304998,0.000730015528419,1497.0538699
0.881,855,0,0,0,1,0,72.6619718152,44.6361459523,3.83358479299,85.3630133367,71.6120555631,0.160730785277,7.60111623725,0.420739304998,0.000732397258374,1497.75452466
0.882,855,0,0,0,1,0,72.6001966226,44.6753825059,3.83684018193,85.3311179715,71.6459408483,0.163090682527,7.58844588688,0.420739304998,0.000731051333256,1498.45881364
0.883,855,0,0,0,1,0,72.538353672,44.7145773636,3.84009163348,85.2991939353,71.6798500397,0.157784223874,7.60952999468,0.420739304998,0.000729242132552,1499.16663848
0.884,855,0,0,0,1,0,72.4764312552,44.7537378746,3.84333975684,85.267235218,71.7137830945,0.156726446535,7.6899862627,0.420739304998,0.000726236931815,1499.87880688
0.885,855,0,0,0,1,0,72.414456741,44.7928466804,3.84658311187,85.2352559711,71.7477399755,0.158145739282,7.60330674013,0.420739304998,0.000727313636066,1500.59274297
0.886,855,0,0,0,1,0,72.3524223453,44.8319086696,3.84982210381,85.2032521939,71.7817206522,0.158388435586,7.3992118631,0.420739304998,0.00073057794201,1501.30796233
0.887,855,0,0,0,1,0,72.2903045783,44.8709385673,3.8530579532,85.1712118003,71.8157250831,0.161719209041,7.24458569964,0.420739304998,0.000737943105068,1502.02443628
0.888,855,0,0,0,1,0,72.2281269657,44.9099215256,3.85628942859,85.139146957,71.8497532262,0.15871936345,7.17580666136,0.420739304998,0.000734873544057,1502.74145248
0.889,855,0,0,0,1,0,72.1658659666,44.9488722376,3.85951774753,85.1070455566,71.8838050394,0.162365182881,7.12199941876,0.420739304998,0.000732663989956,1503.45982724
0.89,855,0,0,0,1,0,72.1035608895,44.9877660666,3.86274086776,85.0749278908,71.9178804865,0.163961906679,7.06953331978,0.420739304998,0.000728967809692,1504.17894309
0.891,855,0,0,0,1,0,72.0411724278,45.0266275048,3.86596081861,85.0427737217,71.9519795311,0.164611260591,7.06155174146,0.420739304998,0.000728948152314,1504.899466
0.892,855,0,0,0,1,0,71.9787242099,45.0654417677,3.86917637465,85.0105952598,71.986102131,0.164384132975,7.06380866332,0.420739304998,0.000728384409923,1505.6214846
0.893,855,0,0,0,1,0,71.9161925925,45.1042234843,3.87238874736,84.9783803549,72.0202482442,0.16629764574,7.16250351628,0.420739304998,0.000725183674203,1506.34513724
0.894,855,0,0,0,1,0,71.8536170553,45.1429481244,3.87559590453,84.9461493707,72.0544178343,0.168300197258,7.18830624498,0.420739304998,0.000721779206289,1507.07035724
0.895,855,0,0,0,1,0,71.7909660296,45.1816351896,3.87879946102,84.9138860677,72.0886108675,0.168200723851,7.21173872644,0.420739304998,0.000720129594132,1507.79711756
0.896,855,0,0,0,1,0,71.7282434708,45.2202821655,3.88199920814,84.881592518,72.1228273002,0.167011404019,7.27958555611,0.420739304998,0.000718096354673,1508.52526787
0.897,855,0,0,0,1,0,71.6654533475,45.2588865456,3.88519493796,84.8492707956,72.1570670917,0.165744673415,7.39795567602,0.420739304998,0.000719570100063,1509.25500622
0.898,855,0,0,0,1,0,71.6025917067,45.2974506989,3.88838684617,84.8169188972,72.1913302008,0.165927102394,7.55529612935,0.420739304998,0.000720855309135,1509.98651951
0.899,855,0,0,0,1,0,71.5396704682,45.3359672623,3.89157432298,84.784542984,72.2256165894,0.164862617149,7.66562398416,0.420739304998,0.000725661583796,1510.71998138
0.9,855,0,0,0,1,0,71.476673761,45.3744458947,3.89475816736,84.7521349193,72.2599262174,0.164986154214,7.57568377557,0.420739304998,0.000725510291131,1511.45535994
0.901,855,0,0,0,1,0,71.4136175018,45.4128768182,3.89793756984,84.7197029203,72.2942590453,0.163184359166,7.42815371015,0.420739304998,0.000722040074194,1512.19220163
0.902,855,0,0,0,1,0,71.350493754,45.4512648244,3.90111292653,84.6872429303,72.3286150359,0.162442045703,7.32118312778,0.420739304998,0.000726794090808,1512.93036219
0.903,855,0,0,0,1,0,71.2872945552,45.4896146884,3.90428463196,84.6547508884,72.3629941466,0.162343652545,7.23721515019,0.420739304998,0.000726370192708,1513.66975916
0.904,855,0,0,0,1,0,71.2240358734,45.5279166645,3.90745187974,84.6222350337,72.3973963374,0.158978204013,7.19907244363,0.420739304998,0.000726241148515,1514.40933915
0.905,855,0,0,0,1,0,71.1607017529,45.5661803574,3.9106154637,84.5896871944,72.4318215683,0.15922039504,7.21435417752,0.420739304998,0.000721556814995,1515.1479241
0.906,855,0,0,0,1,0,71.0973081958,45.6043960429,3.91377457948,84.5571156236,72.4662697995,0.159840321419,7.25553178385,0.420739304998,0.000713997308947,1515.88721937
0.907,855,0,0,0,1,0,71.0338432176,45.6425708944,3.91692981973,84.5245141916,72.5007409924,0.159762758873,7.28219592666,0.420739304998,0.000706692721144,1516.62785632
0.908,855,0,0,0,1,0,70.9703028151,45.6807072475,3.920081377,84.491880878,72.5352351028,0.160693521469,7.31866768349,0.420739304998,0.000704484624987,1517.37023245
0.909,855,0,0,0,1,0,70.9067150831,45.7187881994,3.92322785417,84.4592301356,72.5697520952,0.158741764518,7.35176069645,0.420739304998,0.000703664662583,1518.11405629
0.91,855,0,0,0,1,0,70.8430479341,45.7568329204,3.92637083489,84.426545514,72.6042919328,0.158342551262,7.32807382326,0.420739304998,0.000701329573797,1518.86102519
0.911,855,0,0,0,1,0,70.7793134247,45.7948341335,3.92950971749,84.3938332392,72.6388545712,0.157287712498,7.23370782028,0.420739304998,0.000704943358427,1519.61214699
0.912,855,0,0,0,1,0,70.7155075433,45.8327941686,3.93264469403,84.3610912844,72.673439969,0.15573633065,7.19744766181,0.420739304998,0.000710798689852,1520.36684686
0.913,855,0,0,0,1,0,70.6516423891,45.8707057762,3.93577516541,84.3283258865,72.7080480874,0.154463133657,7.33568480502,0.420739304998,0.000715923062752,1521.12464517
0.914,855,0,0,0,1,0,70.5877018536,45.9085784616,3.93890191615,84.2955288117,72.7426788861,0.153773320324,7.51632770942,0.420739304998,0.000719389433872,1521.88604107
0.915,855,0,0,0,1,0,70.5237020926,45.946402599,3.94202415114,84.2627083771,72.7773323245,0.153652273593,7.71100735936,0.420739304998,0.000714942314779,1522.65010256
0.916,855,0,0,0,1,0,70.4596188767,45.9841924405,3.94514304641,84.2298521921,72.8120083594,0.151856417852,7.6979790728,0.420739304998,0.000718776115501,1523.4166919
0.917,855,0,0,0,1,0,70.39548457,46.0219288441,3.94825702171,84.1969768809,72.8467069503,0.154789352944,7.59122987456,0.420739304998,0.000718399448238,1524.18547722
0.918,855,0,0,0,1,0,70.3312911177,46.0596165238,3.95136646585,84.1640783324,72.8814280658,0.158652593284,7.50365089603,0.420739304998,0.000712838909673,1524.956079
0.919,855,0,0,0,1,0,70.267014214,46.097269682,3.95447255015,84.1311441253,72.9161716628,0.159244481593,7.40252613824,0.420739304998,0.000708975379723,1525.72915
0.92,855,0,0,0,1,0,70.2026782042,46.1348739896,3.95757409213,84.0981867687,72.950937698,0.159907883618,7.41718199556,0.420739304998,0.000703066136012,1526.50344082
0.921,855,0,0,0,1,0,70.1382587317,46.1724436155,3.96067225995,84.0651938206,72.9857261284,0.158216847942,7.47782581949,0.420739304998,0.000697569008907,1527.27924135
0.922,855,0,0,0,1,0,70.0737964689,46.2099547927,3.96376509335,84.0321861385,73.0205369163,0.1592072517,7.5096181329,0.420739304998,0.000694006117634,1528.0574278
0.923,855,0,0,0,1,0,70.0092548225,46.2474287736,3.96685434434,83.9991450097,73.0553700258,0.158551675314,7.41630425938,0.420739304998,0.000694396215186,1528.83950773
0.924,855,0,0,0,1,0,69.9446460156,46.2848583885,3.96993942135,83.9660767292,73.0902254117,0.159893417076,7.27134459579,0.420739304998,0.000696524125063,1529.62429823
0.925,855,0,0,0,1,0,69.8799741457,46.3222412113,3.97302012409,83.9329834234,73.1251030349,0.161012319203,7.18948165342,0.420739304998,0.000699246320119,1530.41108056
0.926,855,0,0,0,1,0,69.815231065,46.3595818945,3.97609683556,83.8998609542,73.1600028546,0.161506920432,7.24748760575,0.420739304998,0.000697070392004,1531.1982804
0.927,855,0,0,0,1,0,69.7504126908,46.3968827196,3.97916974326,83.866707271,73.1949248257,0.159493835095,7.24177042678,0.420739304998,0.000692874443907,1531.98430667
0.928,855,0,0,0,1,0,69.6855394946,46.4341318537,3.98223787203,83.833532874,73.2298689089,0.159253635651,7.26925910429,0.420739304998,0.000688286212877,1532.77032793
0.929,855,0,0,0,1,0,69.6205992217,46.4713362915,3.98530179771,83.8003315215,73.2648350679,0.16077040517,7.21891433719,0.420739304998,0.000689833039525,1533.55627889
0.93,855,0,0,0,1,0,69.5555754762,46.5085053476,3.98836228686,83.7670948716,73.2998232561,0.161068892758,7.12974271341,0.420739304998,0.000688565485106,1534.3419035
0.931,855,0,0,0,1,0,69.4905093124,46.5456155074,3.99141740299,83.7338439363,73.3348334355,0.164597092217,7.1443201448,0.420739304998,0.00068860688149,1535.12721553
0.932,855,0,0,0,1,0,69.4253596832,46.5826901347,3.9944690692,83.7005577667,73.3698655682,0.163574769761,7.20495142209,0.420739304998,0.000690911916566,1535.91317581
0.933,855,0,0,0,1,0,69.3601512648,46.6197151187,3.99751612357,83.6672490069,73.4049196102,0.163990641338,7.30453000933,0.420739304998,0.000690404589254,1536.70007222
0.934,855,0,0,0,1,0,69.2948758508,46.6566950719,4.00055894535,83.6339134926,73.4399955232,0.1645405798,7.47405017712,0.420739304998,0.000695428721945,1537.48951067
0.935,855,0,0,0,1,0,69.2295169611,46.6936392516,4.00359829576,83.6005428484,73.4750932604,0.162346557409,7.53545131506,0.420739304998,0.000698172963614,1538.28087349
0.936,855,0,0,0,1,0,69.1641158619,46.7305242849,4.0066322516,83.5671581717,73.5102127833,0.161275310439,7.41527849947,0.420739304998,0.000693661623606,1539.07384292
0.937,855,0,0,0,1,0,69.0986354272,46.7673710677,4.00966253136,83.533740537,73.5453540553,0.160902319254,7.25057482629,0.420739304998,0.000690025316202,1539.86763435
0.938,855,0,0,0,1,0,69.0330880587,46.8041725479,4.01268855459,83.5002963124,73.5805170307,0.16176700703,7.17401408922,0.420739304998,0.000690160495398,1540.66403638
0.939,855,0,0,0,1,0,68.9674779141,46.8409263383,4.01571012463,83.4668276495,73.6157016694,0.162737017702,7.2176530845,0.420739304998,0.000687446013076,1541.46433299
0.94,855,0,0,0,1,0,68.9017925829,46.8776393277,4.01872780742,83.4333282524,73.6509079286,0.164619379639,7.25540882615,0.420739304998,0.000689010724153,1542.26933996
0.941,855,0,0,0,1,0,68.8360486628,46.9143021813,4.02174083524,83.3998066185,73.6861357667,0.163118526618,7.23503887005,0.420739304998,0.000690613215734,1543.07675068
0.942,855,0,0,0,1,0,68.7702295728,46.9509240873,4.02474996283,83.3662543264,73.7213851419,0.160439030392,7.21408317161,0.420739304998,0.000690260757256,1543.88479287
0.943,855,0,0,0,1,0,68.7043519446,46.9874957337,4.02775442465,83.3326798871,73.7566560125,0.15911627212,7.23346678792,0.420739304998,0.000688338411913,1544.69443015
0.944,855,0,0,0,1,0,68.6383991636,47.0240262857,4.03075497324,83.2990748659,73.7919483368,0.155754310343,7.33400890422,0.420739304998,0.000686281963651,1545.50512121
0.945,855,0,0,0,1,0,68.5723795627,47.0605110589,4.03375122339,83.2654435462,73.8272620697,0.157625050917,7.45638168888,0.420739304998,0.000680335206418,1546.31521713
0.946,855,0,0,0,1,0,68.5063015001,47.0969453864,4.03674279151,83.2317902145,73.8625971725,0.155870468356,7.49295279483,0.420739304998,0.000685626379868,1547.12503735
0.947,855,0,0,0,1,0,68.4401566603,47.1333338052,4.0397300498,83.1981106645,73.897953606,0.160154847625,7.44295631993,0.420739304998,0.000684169838254,1547.93434352
0.948,855,0,0,0,1,0,68.3739450605,47.1696762473,4.04271299228,83.1644049384,73.9333313284,0.162135211873,7.54432352078,0.420739304998,0.000679416594202,1548.74459481
0.949,855,0,0,0,1,0,68.3076499855,47.2059818081,4.04569236496,83.1306645692,73.9687302918,0.15929382459,7.61731868054,0.420739304998,0.000678811664661,1549.55638542
0.95,855,0,0,0,1,0,68.241304918,47.2422320925,4.04866665789,83.0969066314,74.0041504541,0.16001343265,7.59045115885,0.420739304998,0.000673395505187,1550.36983615
0.951,855,0,0,0,1,0,68.1748931428,47.2784361959,4.05163661705,83.0631226444,74.0395917793,0.162115802249,7.51620415563,0.420739304998,0.000672050154551,1551.18517374
0.952,855,0,0,0,1,0,68.1084146775,47.3145940499,4.05460223646,83.0293126509,74.0750542252,0.162430484665,7.35943661422,0.420739304998,0.000668233479495,1552.00324752
0.953,855,0,0,0,1,0,68.0418359393,47.3507238198,4.05756500532,82.9954596229,74.1105377377,0.163905347507,7.18845003387,0.420739304998,0.000666785026632,1552.82444393
0.954,855,0,0,0,1,0,67.9752493718,47.3867753125,4.06052080745,82.9616105853,74.1460422834,0.163288048923,7.14848062708,0.420739304998,0.000666795329084,1553.6481613
0.955,855,0,0,0,1,0,67.9085709417,47.4227940082,4.06347337156,82.9277228359,74.1815678319,0.161746954816,7.07221263027,0.420739304998,0.000671409811679,1554.47566913
0.956,855,0,0,0,1,0,67.841817467,47.4587707218,4.06642194405,82.8938049741,74.217114329,0.160612633769,7.00347933855,0.420739304998,0.000668621417869,1555.30644629
0.957,855,0,0,0,1,0,67.7750058161,47.4946963028,4.06936577457,82.859865605,74.252681732,0.161558993784,6.99506376442,0.420739304998,0.000669356988836,1556.14101596
0.958,855,0,0,0,1,0,67.7081191395,47.5305797526,4.07230560031,82.8258962036,74.2882699986,0.163695313203,6.98607947547,0.420739304998,0.00066639931706,1556.97884401
0.959,855,0,0,0,1,0,67.6411743394,47.5664119443,4.07524067313,82.7919053882,74.3238790862,0.164521242677,6.98882847879,0.420739304998,0.000667314941038,1557.81728856
0.96,855,0,0,0,1,0,67.574154533,47.6022018554,4.078171728,82.7578846212,74.3595089523,0.165220696015,7.11080147695,0.420739304998,0.000666150798273,1558.65620636
0.961,855,0,0,0,1,0,67.5070766561,47.6379403825,4.08109801899,82.723842534,74.3951595543,0.164004335162,7.22119102175,0.420739304998,0.000667172765893,1559.49510436
0.962,855,0,0,0,1,0,67.4399322682,47.673631974,4.08401990999,82.689774873,74.4308308527,0.165702021655,7.36291420097,0.420739304998,0.00066429751999,1560.33387599
0.963,855,0,0,0,1,0,67.3727129033,47.7092810602,4.08693776323,82.6556773822,74.4665228016,0.165470815145,7.50820422428,0.420739304998,0.000666925793674,1561.17384249
0.964,855,0,0,0,1,0,67.3054355481,47.7448785733,4.0898508361,82.6215587129,74.5022353581,0.165348207561,7.59833907789,0.420739304998,0.000666282010299,1562.0151209
0.965,855,0,0,0,1,0,67.2380890803,47.7804303458,4.09275960557,82.5874132564,74.5379684814,0.166847180169,7.66308527548,0.420739304998,0.000662324900647,1562.85730541
0.966,855,0,0,0,1,0,67.1706729814,47.8159365849,4.09566408811,82.5532407879,74.5737221265,0.168570759187,7.47716069838,0.420739304998,0.000654515270848,1563.69977669
0.967,855,0,0,0,1,0,67.1031792783,47.8514014129,4.09856462042,82.5190373089,74.6094962452,0.165617512978,7.30957658821,0.420739304998,0.000650738067334,1564.54345472
0.968,855,0,0,0,1,0,67.0356447363,47.8868054691,4.1014596188,82.484821478,74.6452907997,0.162054855505,7.23843955215,0.420739304998,0.000649936907554,1565.38940637
0.969,855,0,0,0,1,0,66.9680267522,47.9221710386,4.10435090515,82.4505717414,74.6811057501,0.164089028409,7.19143593417,0.420739304998,0.000644071196167,1566.2380721
0.97,855,0,0,0,1,0,66.9003509398,47.9574846547,4.10723737805,82.416301113,74.7169410504,0.162630832393,7.21326843338,0.420739304998,0.000643703448135,1567.08948547
0.971,855,0,0,0,1,0,66.8326087833,47.9927507116,4.11011939633,82.3820053112,74.7527966607,0.165337700206,7.18103172142,0.420739304998,0.000648021807049,1567.94251428
0.972,855,0,0,0,1,0,66.7647831829,48.0279780309,4.11299768039,82.3476757238,74.7886725317,0.166260287303,7.15684680883,0.420739304998,0.000646173031377,1568.79709648
0.973,855,0,0,0,1,0,66.6969169633,48.0631443208,4.11587040849,82.3133340573,74.8245686234,0.167684974816,7.1038269514,0.420739304998,0.000647746784364,1569.65352184
0.974,855,0,0,0,1,0,66.6289673126,48.0982717157,4.11873938847,82.2789586792,74.8604848953,0.164575418634,7.04804280256,0.420739304998,0.000645143956356,1570.51193836
0.975,855,0,0,0,1,0,66.5609599704,48.1333468388,4.12160352731,82.2445626514,74.8964213011,0.162126862302,7.04151376756,0.420739304998,0.000646155871827,1571.37158109
0.976,855,0,0,0,1,0,66.4928691936,48.1683828969,4.12446390299,82.2101329946,74.932377794,0.163222377091,7.06004709508,0.420739304998,0.000643249279612,1572.23246129
0.977,855,0,0,0,1,0,66.4247293736,48.203362134,4.12731906545,82.1756871346,74.9683543307,0.160733491013,7.09880721595,0.420739304998,0.000643838899195,1573.09390163
0.978,855,0,0,0,1,0,66.3565319533,48.2382889136,4.1301693707,82.1412207677,75.0043508765,0.16134945063,7.17804392405,0.420739304998,0.000647653185449,1573.95644128
0.979,855,0,0,0,1,0,66.2882554238,48.2731741861,4.13301571193,82.1067230622,75.0403673864,0.163442889077,7.31547403318,0.420739304998,0.000649329098964,1574.82137194
0.98,855,0,0,0,1,0,66.2199127192,48.3080112672,4.13585754324,82.0722005965,75.0764038118,0.164961258642,7.44684164021,0.420739304998,0.000647484818122,1575.68634227
0.981,855,0,0,0,1,0,66.1514995417,48.3428022823,4.13869503755,82.0376512385,75.1124601074,0.162818156737,7.4875062704,0.420739304998,0.000648764531661,1576.55042826
0.982,855,0,0,0,1,0,66.0830288672,48.3775405773,4.14152765181,82.0030815754,75.1485362306,0.161341564783,7.62124023947,0.420739304998,0.000648362405872,1577.41439114
0.983,855,0,0,0,1,0,66.014489918,48.4122315677,4.14435582725,81.9684861988,75.1846321397,0.164413417318,7.77424306868,0.420739304998,0.000652654127094,1578.27910253
0.984,855,0,0,0,1,0,65.9458805446,48.4468762733,4.14717964653,81.933864064,75.2207477878,0.164177796309,7.76981040668,0.420739304998,0.000658784425945,1579.14605905
0.985,855,0,0,0,1,0,65.8772115938,48.4814691589,4.14999865812,81.8992206803,75.2568831313,0.161554570689,7.65299369263,0.420739304998,0.000656281272053,1580.01613192
0.986,855,0,0,0,1,0,65.8084679142,48.5160177942,4.15281347844,81.864548442,75.293038125,0.160064956479,7.54561381403,0.420739304998,0.00065700648892,1580.88801087
0.987,855,0,0,0,1,0,65.739666879,48.5505133874,4.15562339078,81.8298561486,75.3292127241,0.164819451932,7.4904224568,0.420739304998,0.000655380175106,1581.76134009
0.988,855,0,0,0,1,0,65.6707911384,48.5849645765,4.15842909835,81.7951350889,75.3654068842,0.163652341854,7.38052583701,0.420739304998,0.000650336944804,1582.63508691
0.989,855,0,0,0,1,0,65.6018580991,48.6193625942,4.16122988673,81.760394075,75.4016205608,0.162655157847,7.34428146328,0.420739304998,0.000652510803334,1583.5096855
0.99,855,0,0,0,1,0,65.5328416686,48.6537203897,4.16402680981,81.7256199988,75.4378537061,0.16547442259,7.37828043693,0.420739304998,0.000650594684856,1584.38669567
0.991,855,0,0,0,1,0,65.4637854245,48.6880162187,4.16681809712,81.6908348499,75.4741062786,0.167577044171,7.47469277803,0.420739304998,0.00064661473587,1585.26480304
0.992,855,0,0,0,1,0,65.3946501682,48.7222695032,4.1696053291,81.6560189133,75.5103782382,0.170058340342,7.42672367186,0.420739304998,0.000643423933097,1586.14500245
0.993,855,0,0,0,1,0,65.3254489975,48.7564736775,4.17238797095,81.6211788298,75.5466695354,0.169518890649,7.3383351063,0.420739304998,0.000640004942217,1587.02747726
0.994,855,0,0,0,1,0,65.2561863043,48.7906265149,4.17516584116,81.586316846,75.5829801269,0.166505457422,7.30529215956,0.420739304998,0.000642743935682,1587.91027028
0.995,855,0,0,0,1,0,65.1868533664,48.8247322552,4.17793928417,81.5514286096,75.6193099679,0.165933472265,7.33090768819,0.420739304998,0.000638926821407,1588.79390396
0.996,855,0,0,0,1,0,65.117454576,48.8587886716,4.18070811843,81.5165163712,75.655659012,0.166310880858,7.28388926424,0.420739304998,0.000636441874601,1589.67781049
0.997,855,0,0,0,1,0,65.0479855699,48.892797839,4.18347251218,81.4815779762,75.6920272128,0.169312615659,7.21572617119,0.420739304998,0.000635960898567,1590.56313678
0.998,855,0,0,0,1,0,64.9784595252,48.9267532503,4.18623193613,81.4466200877,75.7284145267,0.171134006686,7.15638252521,0.420739304998,0.000634761815886,1591.45026622
0.999,855,0,0,0,1,0,64.9088589103,48.9606634063,4.1889870807,81.411633929,75.7648209086,0.17060940374,7.21513309824,0.420739304998,0.000635235340743,1592.34016594
1.0,855,0,0,0,1,0,64.8392013154,48.9945196757,4.19173724417,81.3766283806,75.8012463131,0.172219139512,7.33573134016,0.420739304998,0.000637082983979,1593.23366905
1.001,855,0,0,0,1,0,64.7694691759,49.0283305341,4.19448311462,81.3415946542,75.8376906946,0.171278151967,7.46145239424,0.420739304998,0.000637058103774,1594.13178799
1.002,855,0,0,0,1,0,64.6996801154,49.0620873749,4.19722399266,81.3065416425,75.8741540079,0.172277448457,7.48546776234,0.420739304998,0.000637950033342,1595.03319117
1.003,855,0,0,0,1,0,64.629825354,49.0957943938,4.19996021863,81.2714649695,75.9106362105,0.172940836959,7.44514668209,0.420739304998,0.000633626572672,1595.93453555
1.004,855,0,0,0,1,0,64.559896087,49.1294557674,4.20269213106,81.2363602577,75.947137254,0.170808869271,7.40038780099,0.420739304998,0.000631730846282,1596.83553362
1.005,855,0,0,0,1,0,64.489909988,49.1630629266,4.2054190341,81.2012364182,75.9836570932,0.172210013716,7.3894339243,0.420739304998,0.000625957030237,1597.73716499
1.006,855,0,0,0,1,0,64.4198494099,49.196624284,4.20814160992,81.1660846336,76.0201956826,0.171155466191,7.32502708955,0.420739304998,0.000624919717162,1598.63882771
1.007,855,0,0,0,1,0,64.3497320595,49.2301312956,4.21085916499,81.1309138271,76.0567529767,0.172362574969,7.38832254928,0.420739304998,0.000625658289674,1599.54083996
1.008,855,0,0,0,1,0,64.279549116,49.2635881251,4.21357203667,81.0957196085,76.0933289332,0.172635341072,7.39503180851,0.420739304998,0.000626740365733,1600.44378604
1.009,855,0,0,0,1,0,64.2092917336,49.2969989173,4.21628056054,81.0604975863,76.1299235033,0.172335929537,7.40685273316,0.420739304998,0.000623502157906,1601.34858131
1.01,855,0,0,0,1,0,64.1389776692,49.330355166,4.21898404661,81.025256702,76.1665366413,0.16985212164,7.37099845621,0.420739304998,0.000627253893035,1602.25517399
1.011,855,0,0,0,1,0,64.0685891931,49.3636652199,4.2216831711,80.9899881092,76.2031683012,0.170824549821,7.3401561431,0.420739304998,0.000626405454639,1603.16482409
1.012,855,0,0,0,1,0,63.9981440956,49.3969205981,4.2243772464,80.9547007615,76.2398184368,0.174411952432,7.34825241023,0.420739304998,0.000624052393701,1604.07724034
1.013,855,0,0,0,1,0,63.9276246142,49.4301296239,4.22706694636,80.919385801,76.2764870016,0.170576221308,7.38110411873,0.420739304998,0.00062745816613,1604.99333103
1.014,855,0,0,0,1,0,63.8570396632,49.4632880267,4.22975192459,80.8840477369,76.313173946,0.169669627902,7.3937162729,0.420739304998,0.000628591669048,1605.91145816
1.015,855,0,0,0,1,0,63.7864026408,49.4963894659,4.23243166736,80.8486933094,76.3498792279,0.16977439757,7.40198681878,0.420739304998,0.000629232964568,1606.83091152
1.016,855,0,0,0,1,0,63.7156912807,49.5294443186,4.23510701438,80.8133114116,76.3866028021,0.171847686061,7.31880071469,0.420739304998,0.000625082143135,1607.75086918
1.017,855,0,0,0,1,0,63.6449189891,49.5624462504,4.23777745248,80.7779087944,76.42334462,0.170790897,7.35378078647,0.420739304998,0.000624675433555,1608.67126984
1.018,855,0,0,0,1,0,63.5740634423,49.5954055935,4.24044381718,80.7424743385,76.46010463,0.167932761113,7.43524180265,0.420739304998,0.00061934705214,1609.5940713
1.019,855,0,0,0,1,0,63.5031604303,49.628305637,4.24310475619,80.7070259829,76.4968827852,0.166236314049,7.54882849047,0.420739304998,0.000616195745756,1610.51889482
1.02,855,0,0,0,1,0,63.4321920922,49.6611546269,4.24576093614,80.6715548284,76.5336790452,0.166734470871,7.64319612927,0.420739304998,0.000614450230618,1611.44666179
1.021,855,0,0,0,1,0,63.3611584507,49.6939524901,4.24841235071,80.6360609269,76.5704933632,0.165912139772,7.62792077042,0.420739304998,0.000615690984971,1612.37826663
1.022,855,0,0,0,1,0,63.2900505538,49.726703287,4.25105932764,80.6005398512,76.6073256888,0.167138781918,7.56293534136,0.420739304998,0.000611934764282,1613.31303741
1.023,855,0,0,0,1,0,63.2188863743,49.7593986771,4.2537011924,80.5650006203,76.644175975,0.167508201587,7.40549095878,0.420739304998,0.00061644870735,1614.24942993
1.024,855,0,0,0,1,0,63.1476569604,49.7920427207,4.25633827272,80.5294387996,76.6810441775,0.163418103029,7.3448406031,0.420739304998,0.000616753509534,1615.1878623
1.025,855,0,0,0,1,0,63.0763533355,49.8246394586,4.25897089453,80.4938499537,76.7179302454,0.164355903101,7.38554066565,0.420739304998,0.000615914480259,1616.1293398
1.026,855,0,0,0,1,0,63.0049935222,49.8571805889,4.2615983869,80.4582431192,76.7548341312,0.163678932943,7.51929143239,0.420739304998,0.000612715355624,1617.07337257
1.027,855,0,0,0,1,0,62.9335595281,49.8896742536,4.2642214068,80.4226093597,76.7917557872,0.161775363679,7.61111602419,0.420739304998,0.000613940813814,1618.01904761
1.028,855,0,0,0,1,0,62.8620694087,49.9221121766,4.26683928574,80.3869577233,76.8286951657,0.16301709784,7.6044285139,0.420739304998,0.000611440406004,1618.96661682
1.029,855,0,0,0,1,0,62.790505139,49.9545024736,4.26945267824,80.3512792627,76.865652219,0.15896138581,7.65093713591,0.420739304998,0.000611548794136,1619.91507053
1.03,855,0,0,0,1,0,62.7188848075,49.9868368944,4.27206091822,80.3155830377,76.9026268992,0.160536772874,7.70301431366,0.420739304998,0.000615502208334,1620.86455947
1.031,855,0,0,0,1,0,62.6471994054,50.0191194535,4.27466432914,80.2798645949,76.9396191614,0.160603820671,7.82728055351,0.420739304998,0.00061949484238,1621.81439276
1.032,855,0,0,0,1,0,62.5754398994,50.0513541454,4.27726323262,80.2441194802,76.9766289541,0.160676813575,7.65084683324,0.420739304998,0.000620784167711,1622.76487611
1.033,855,0,0,0,1,0,62.5036244276,50.0835327592,4.27985696623,80.2083567708,77.013656229,0.163315666815,7.51607198661,0.420739304998,0.000618379786514,1623.71580313
1.034,855,0,0,0,1,0,62.4317348832,50.1156633446,4.28244617837,80.1725674921,77.0507009378,0.168144494669,7.50326557778,0.420739304998,0.000615018617394,1624.66819345
1.035,855,0,0,0,1,0,62.3597894374,50.1477377168,4.28503020903,80.1367607324,77.087763032,0.164895490363,7.53212131612,0.420739304998,0.000613702444272,1625.62261258
1.036,855,0,0,0,1,0,62.287760861,50.1797679413,4.28761002975,80.1009229877,77.1248424601,0.167087666631,7.58644507356,0.420739304998,0.00060674912963,1626.57869471
1.037,855,0,0,0,1,0,62.2156855377,50.2117377752,4.2901843318,80.0650724032,77.1619391738,0.170510813168,7.49078701476,0.420739304998,0.000602470058542,1627.53511152
1.038,855,0,0,0,1,0,62.1435453121,50.2436552284,4.29275375992,80.0291999804,77.199053131,0.171363782052,7.32629786211,0.420739304998,0.000598430497495,1628.49210099
1.039,855,0,0,0,1,0,62.0713402086,50.2755202265,4.29531830765,79.9933057743,77.2361842834,0.168412490129,7.26427086395,0.420739304998,0.000597032717305,1629.45018015
1.04,855,0,0,0,1,0,61.9990702517,50.307332695,4.29787796857,79.9573898398,77.2733325823,0.165305865244,7.20141690422,0.420739304998,0.000597109550967,1630.40945942
1.041,855,0,0,0,1,0,61.9267263351,50.3390965685,4.30043305872,79.9214476997,77.3104979756,0.166174662146,7.11000787122,0.420739304998,0.000597280156807,1631.37076138
1.042,855,0,0,0,1,0,61.8543267452,50.3708037541,4.30298292667,79.885488482,77.3476804143,0.167149021761,7.09401035804,0.420739304998,0.000596470009246,1632.33373479
1.043,855,0,0,0,1,0,61.7818532287,50.4024621821,4.30552820971,79.8495031641,77.3848798494,0.165124476872,7.07073587505,0.420739304998,0.000595850824828,1633.29863294
1.044,855,0,0,0,1,0,61.7093241049,50.4340637859,4.30806825888,79.8135008853,77.4220962316,0.170401164719,7.15577080355,0.420739304998,0.000591332471844,1634.26522095
1.045,855,0,0,0,1,0,61.6367119243,50.4656204515,4.31060402898,79.7774680689,77.4593295086,0.168160832981,7.16772971341,0.420739304998,0.000592049513198,1635.23484612
1.046,855,0,0,0,1,0,61.5640533663,50.4971161741,4.31313423349,79.7414229602,77.4965796309,0.167584880275,7.24209677342,0.420739304998,0.000593311416301,1636.20631631
1.047,855,0,0,0,1,0,61.491330129,50.5285588437,4.31565950598,79.7053565128,77.5338465557,0.166914051013,7.27887856048,0.420739304998,0.000594223174684,1637.17984993
1.048,855,0,0,0,1,0,61.4185468316,50.5599464039,4.31817968087,79.6692710587,77.5711302351,0.166858345851,7.35378505204,0.420739304998,0.00059544086793,1638.15373478
1.049,855,0,0,0,1,0,61.3456897132,50.5912847197,4.3206952286,79.633159822,77.6084306176,0.16273049816,7.42467100019,0.420739304998,0.000598633182307,1639.12803995
1.05,855,0,0,0,1,0,61.2727633851,50.6225717281,4.32320598297,79.5970251402,77.6457476488,0.160947505215,7.50960107223,0.420739304998,0.000596732659425,1640.10358187
1.051,855,0,0,0,1,0,61.1997816835,50.6538014336,4.32571146245,79.5608739107,77.6830812803,0.155566113168,7.55857090392,0.420739304998,0.000600436370862,1641.08029618
1.052,855,0,0,0,1,0,61.126726209,50.6849816453,4.32821229309,79.5246970637,77.720431462,0.155332498233,7.5962691751,0.420739304998,0.000600423344621,1642.05999408
1.053,855,0,0,0,1,0,61.0536154286,50.7161044169,4.33070783709,79.4885037883,77.7577981437,0.158898843139,7.76254571373,0.420739304998,0.000604619688346,1643.04189617
1.054,855,0,0,0,1,0,60.9804401475,50.7471736082,4.33319840358,79.4522895718,77.7951812783,0.158702822963,7.87839611476,0.420739304998,0.000607768004981,1644.02513737
1.055,855,0,0,0,1,0,60.9071957689,50.7781911013,4.33568414292,79.4160521868,77.8325808136,0.157609361431,7.90383010455,0.420739304998,0.000610318907936,1645.01215673
1.056,855,0,0,0,1,0,60.8338869375,50.8091548594,4.33816489139,79.3797939785,77.8699966975,0.162233174091,7.92589589715,0.420739304998,0.000605032102564,1646.00070395
1.057,855,0,0,0,1,0,60.7605090486,50.8400667575,4.34064079873,79.3435127172,77.9074288777,0.163533020343,7.69381484199,0.420739304998,0.000598004860816,1646.99054935
1.058,855,0,0,0,1,0,60.6870760246,50.870920871,4.34311138996,79.3072153289,77.9448773056,0.164788860417,7.53528384995,0.420739304998,0.000594282387062,1647.98066863
1.059,855,0,0,0,1,0,60.6135693526,50.9017249134,4.34557728228,79.2708927081,77.9823419304,0.16706402465,7.50207622878,0.420739304998,0.000590843378978,1648.97138571
1.06,855,0,0,0,1,0,60.5400076145,50.9324710328,4.34803784668,79.2345540821,78.0198227017,0.167491209623,7.47179783547,0.420739304998,0.0005892644818,1649.96285131
1.061,855,0,0,0,1,0,60.4663722651,50.9631669154,4.3504936978,79.1981903352,78.0573195685,0.166348834907,7.26748651259,0.420739304998,0.000589774973326,1650.95483917
1.062,855,0,0,0,1,0,60.3926819189,50.9938047365,4.35294420918,79.1618107053,78.0948324798,0.169838977007,7.17436840536,0.420739304998,0.000589099929781,1651.94714078
1.063,855,0,0,0,1,0,60.3189273086,51.0243882942,4.3553896842,79.1254106577,78.1323613878,0.17110447029,7.15316870638,0.420739304998,0.000586190325463,1652.94173261
1.064,855,0,0,0,1,0,60.245105549,51.0549187165,4.35783021257,79.0889888159,78.1699062399,0.171281831375,7.31668810925,0.420739304998,0.000585408674814,1653.93854101
1.065,855,0,0,0,1,0,60.1712067529,51.08540001,4.36026611397,79.0525403568,78.207466979,0.169200838448,7.17184796765,0.420739304998,0.00058337576019,1654.93754136
1.066,855,0,0,0,1,0,60.0972595115,51.1158203195,4.36269644054,79.0160794266,78.2450435545,0.17031310593,7.20453215499,0.420739304998,0.000587160490587,1655.93784039
1.067,855,0,0,0,1,0,60.0232481138,51.14618606,4.36512170447,78.9795983157,78.28263592,0.170959310133,7.15997027514,0.420739304998,0.00058782093354,1656.9389809
1.068,855,0,0,0,1,0,59.9491632364,51.176500981,4.36754220468,78.94309248,78.3202440202,0.168447239982,7.30038162424,0.420739304998,0.000585039513156,1657.94145185
1.069,855,0,0,0,1,0,59.875014249,51.206761173,4.36995762845,78.9065665888,78.3578677998,0.170349982639,7.46347516243,0.420739304998,0.000583534308452,1658.94548639
1.07,855,0,0,0,1,0,59.8008199128,51.2369589343,4.37236736072,78.8700299189,78.3955072134,0.169199845034,7.58918451244,0.420739304998,0.00058257212637,1659.94990599
1.071,855,0,0,0,1,0,59.7265427879,51.2671094377,4.37477261179,78.8334640803,78.4331622087,0.171259777386,7.66630078498,0.420739304998,0.000581009221384,1660.95440966
1.072,855,0,0,0,1,0,59.6522110186,51.297201183,4.37717246367,78.7968829802,78.47083273,0.169230198552,7.6774805965,0.420739304998,0.000579144423143,1661.96014477
1.073,855,0,0,0,1,0,59.5778058667,51.3272416902,4.37956751562,78.7602774438,78.5085187246,0.167490174924,7.56477720348,0.420739304998,0.000579167333826,1662.96842189
1.074,855,0,0,0,1,0,59.5033461419,51.3572232992,4.38195715644,78.7236567723,78.5462201401,0.168228378107,7.42590831518,0.420739304998,0.000575812656575,1663.98057997
1.075,855,0,0,0,1,0,59.4288130741,51.3871535021,4.38434198281,78.6870117813,78.5839369238,0.166817368439,7.29765148504,0.420739304998,0.000573258522183,1664.99737435
1.076,855,0,0,0,1,0,59.3542255056,51.4170246664,4.38672138609,78.650351782,78.6216690232,0.161394114768,7.35646788018,0.420739304998,0.000573832406008,1666.01861434
1.077,855,0,0,0,1,0,59.2795740573,51.4468404925,4.38909566065,78.6136722065,78.659416389,0.161583796888,7.39107000472,0.420739304998,0.00057389647117,1667.04339339
1.078,855,0,0,0,1,0,59.2048398947,51.4766084164,4.39146539798,78.5769638593,78.6971789617,0.162437507849,7.40794977815,0.420739304998,0.00057351577868,1668.07021762
1.079,855,0,0,0,1,0,59.1300702111,51.5063095843,4.39382909678,78.5402499633,78.7349566922,0.163500928267,7.34788018092,0.420739304998,0.000571003329149,1669.09882199
1.08,855,0,0,0,1,0,59.0552178458,51.5359626741,4.39618824312,78.5035074034,78.7727495309,0.161477822146,7.34176487982,0.420739304998,0.000570093415222,1670.12924035
1.081,855,0,0,0,1,0,58.9803111617,51.5655563733,4.39854193639,78.4667501556,78.8105574219,0.1646513169,7.51545589354,0.420739304998,0.000570488011741,1671.16079231
1.082,855,0,0,0,1,0,58.9053218129,51.595101804,4.40089106063,78.4299643642,78.8483803087,0.163831011936,7.64653798335,0.420739304998,0.000570372150848,1672.19498547
1.083,855,0,0,0,1,0,58.8302876824,51.6245839742,4.40323442334,78.3931686608,78.8862181384,0.161045106757,7.63242046331,0.420739304998,0.000572170746808,1673.23280994
1.084,855,0,0,0,1,0,58.7551898719,51.6540102631,4.40557261076,78.3563538149,78.9240708645,0.159496994012,7.55493774069,0.420739304998,0.000575749440773,1674.27400279
1.085,855,0,0,0,1,0,58.6800284103,51.6833805931,4.40790561623,78.3195198893,78.9619384336,0.16005850759,7.47326529886,0.420739304998,0.000579211616123,1675.31707681
1.086,855,0,0,0,1,0,58.6048033269,51.7126948861,4.41023343306,78.2826669468,78.9998207921,0.161354050821,7.39465901886,0.420739304998,0.00057979495953,1676.36130561
1.087,855,0,0,0,1,0,58.5294956431,51.7419604508,4.41255664094,78.24578575,79.0377178795,0.164175627647,7.38397476425,0.420739304998,0.000580275261543,1677.40629863
1.088,855,0,0,0,1,0,58.454155293,51.771157828,4.41487369479,78.2089007954,79.0756296461,0.165145654225,7.50962480321,0.420739304998,0.000581072057484,1678.45121303
1.089,855,0,0,0,1,0,58.3787276195,51.8003081406,4.41718627043,78.1719853687,79.1135560408,0.164914031083,7.67377247271,0.420739304998,0.000577862616516,1679.49617618
1.09,855,0,0,0,1,0,58.303248341,51.8293975049,4.41949326583,78.1350570075,79.1514970052,0.162716010062,7.7635705629,0.420739304998,0.000577157106955,1680.54064913
1.091,855,0,0,0,1,0,58.2276865159,51.8584377711,4.42179562023,78.0981006271,79.1894524826,0.164831958159,7.65273911494,0.420739304998,0.000571174752452,1681.58400212
1.092,855,0,0,0,1,0,58.1520898611,51.8874105437,4.42409187482,78.061139609,79.2274224224,0.164788512101,7.64012703611,0.420739304998,0.00056902849575,1682.62759167
1.093,855,0,0,0,1,0,58.0764202469,51.9163303893,4.42638318376,78.0241553487,79.265406777,0.167247807951,7.63132662399,0.420739304998,0.000571639625614,1683.67325837
1.094,855,0,0,0,1,0,58.0006776875,51.9451972152,4.42866953903,77.9871479144,79.3034054847,0.166236009003,7.69845391619,0.420739304998,0.000575545250697,1684.72234922
1.095,855,0,0,0,1,0,57.9248813325,51.9740036558,4.43095035674,77.9501267122,79.3414184904,0.169553367516,7.62065916265,0.420739304998,0.000577218725692,1685.77581144
1.096,855,0,0,0,1,0,57.8490025005,52.002760534,4.43322649324,77.9130777893,79.3794457353,0.168227286231,7.55439217307,0.420739304998,0.000575879979194,1686.83398898
1.097,855,0,0,0,1,0,57.773089109,52.0314496328,4.43549650623,77.8760245861,79.4174871675,0.169242408703,7.48335057985,0.420739304998,0.000570077559209,1687.89616919
1.098,855,0,0,0,1,0,57.6970932772,52.0600889901,4.43776182253,77.8389437768,79.4555427348,0.169515846616,7.33973650095,0.420739304998,0.000563803319526,1688.96145025
1.099,855,0,0,0,1,0,57.6210438032,52.0886676755,4.44002157698,77.8018494689,79.4936123782,0.1656388694,7.25813213759,0.420739304998,0.000565605059037,1690.02923552
1.1,855,0,0,0,1,0,57.5449311256,52.1171892249,4.44227604875,77.7647370435,79.5316960456,0.166819739138,7.14553905267,0.420739304998,0.000567788497877,1691.09859745
1.101,855,0,0,0,1,0,57.4687456596,52.1456571521,4.44452551501,77.7276018835,79.5697936776,0.16849374955,7.12921287119,0.420739304998,0.00056827615696,1692.16914638
1.102,855,0,0,0,1,0,57.3925066673,52.1740641919,4.44676940115,77.6904534288,79.6079052184,0.169127163642,7.05675884593,0.420739304998,0.000567222070328,1693.24050528
1.103,855,0,0,0,1,0,57.3161949324,52.2024174368,4.44900826692,77.6532823668,79.6460306122,0.173698832846,7.08405055541,0.420739304998,0.000565837253689,1694.31262822
1.104,855,0,0,0,1,0,57.2398297493,52.2307096501,4.45124154037,77.6160981468,79.6841698028,0.173184009013,7.1886136866,0.420739304998,0.00056439950962,1695.38457362
1.105,855,0,0,0,1,0,57.1633966936,52.2589461132,4.45346963794,77.5788937935,79.722322736,0.172753304441,7.15008258932,0.420739304998,0.000563710880744,1696.45545593
1.106,855,0,0,0,1,0,57.086890961,52.2871285178,4.45569269244,77.5416670287,79.7604893502,0.175557916586,7.01560949652,0.420739304998,0.000559545662658,1697.52676632
1.107,855,0,0,0,1,0,57.0103463891,52.3152443462,4.45790971614,77.5044343599,79.7986695946,0.176211312432,6.93285669656,0.420739304998,0.000555845305611,1698.59714847
1.108,855,0,0,0,1,0,56.9337195278,52.3433094956,4.46012196208,77.4671747009,79.8368634146,0.175949455883,6.97539105539,0.420739304998,0.000550070391529,1699.66764537
1.109,855,0,0,0,1,0,56.8570394151,52.3713132521,4.46232858514,77.4299022291,79.8750707501,0.174365008576,7.03313681683,0.420739304998,0.000544927412539,1700.73930686
1.11,855,0,0,0,1,0,56.7802915677,52.3992608421,4.46452999667,77.3926099534,79.9132915465,0.174147344305,7.02420514607,0.420739304998,0.000543418799211,1701.81376057
1.111,855,0,0,0,1,0,56.7034832809,52.4271495381,4.4667259813,77.3553014723,79.951525746,0.168965761676,7.02385901546,0.420739304998,0.000544182232288,1702.89106476
1.112,855,0,0,0,1,0,56.6266024616,52.4549836551,4.4689168782,77.3179709684,79.9897732889,0.167006504699,7.13775036775,0.420739304998,0.000544247499881,1703.97040929
1.113,855,0,0,0,1,0,56.5496709763,52.4827552108,4.47110205857,77.2806291101,80.028034119,0.165845188198,7.3150844676,0.420739304998,0.000546022676845,1705.05217928
1.114,855,0,0,0,1,0,56.472667009,52.5104720145,4.47328213638,77.2432653593,80.0663081798,0.164249944002,7.52587296458,0.420739304998,0.000550046174359,1706.13697144
1.115,855,0,0,0,1,0,56.3956003032,52.5381304805,4.47545682897,77.2058845023,80.10459541,0.16337042614,7.73570450121,0.420739304998,0.000553542797592,1707.22533365
1.116,855,0,0,0,1,0,56.3184903613,52.5657235614,4.47762558192,77.1684960393,80.1428957591,0.161077701368,7.84054377262,0.420739304998,0.000557467767117,1708.31735693
1.117,855,0,0,0,1,0,56.2412982761,52.5932651112,4.47978948358,77.1310811584,80.1812091694,0.157450722082,7.8322836918,0.420739304998,0.00055690047351,1709.4132907
1.118,855,0,0,0,1,0,56.164053301,52.6207446135,4.48194770708,77.0936540977,80.2195355796,0.156923179831,7.85438345704,0.420739304998,0.000556338860712,1710.5135956
1.119,855,0,0,0,1,0,56.0867359674,52.6481689254,4.48410079044,77.0562054774,80.2578749317,0.15618580362,7.79797704036,0.420739304998,0.000557483539994,1711.61893847
1.12,855,0,0,0,1,0,56.0093560588,52.6755344977,4.48624845436,77.0187400957,80.2962271639,0.156162909834,7.75810998727,0.420739304998,0.000558717919964,1712.72801689
1.121,855,0,0,0,1,0,55.9319233828,52.7028378031,4.48839042161,76.9812627486,80.3345922218,0.160206038365,7.57024650082,0.420739304998,0.000562880103804,1713.8395505
1.122,855,0,0,0,1,0,55.854428206,52.730082215,4.4905269564,76.9437687728,80.3729700504,0.160270854728,7.53496514323,0.420739304998,0.000562107918438,1714.9530449
1.123,855,0,0,0,1,0,55.7768705617,52.7572676526,4.49265805184,76.9062582382,80.4113605912,0.15773378693,7.43868212409,0.420739304998,0.000562986054785,1716.06608054
1.124,855,0,0,0,1,0,55.6992406855,52.7843974591,4.4947839694,76.8687264822,80.449763782,0.15769659872,7.37191128331,0.420739304998,0.000561396205481,1717.17968487
1.125,855,0,0,0,1,0,55.6215484008,52.8114681222,4.49690443318,76.8311783146,80.4881795603,0.157509097747,7.37015686973,0.420739304998,0.000558596988071,1718.29471591
1.126,855,0,0,0,1,0,55.5438084622,52.8384744468,4.49901903588,76.7936209111,80.5266078725,0.159997712662,7.52931646387,0.420739304998,0.000558818253851,1719.41150165
1.127,855,0,0,0,1,0,55.4659963729,52.8654248788,4.50112843831,76.7560424883,80.565048661,0.15800679183,7.70900670629,0.420739304998,0.000557255225711,1720.52962443
1.128,855,0,0,0,1,0,55.3881072363,52.8923210192,4.50323276499,76.7184407516,80.6035018572,0.157081316884,7.86888440565,0.420739304998,0.000555663218939,1721.64730976
1.129,855,0,0,0,1,0,55.3101853311,52.9191475237,4.50533081501,76.6808371222,80.6419674064,0.160612983821,7.91654707495,0.420739304998,0.000559252271028,1722.76452702
1.13,855,0,0,0,1,0,55.2321913577,52.9459178732,4.50742364233,76.6432126774,80.6804452557,0.16156283676,7.80869559778,0.420739304998,0.000557753500702,1723.8839225
1.131,855,0,0,0,1,0,55.1541302613,52.9726302854,4.50951110693,76.6055698671,80.7189353393,0.162164839358,7.74817685904,0.420739304998,0.000556212649884,1725.00606795
1.132,855,0,0,0,1,0,55.0760069987,52.9992829892,4.51159306979,76.5679111399,80.7574375947,0.160997922329,7.67860019802,0.420739304998,0.000555937935351,1726.13080943
1.133,855,0,0,0,1,0,54.9978166703,53.0258775814,4.51366965504,76.5302341924,80.7959519599,0.158080946003,7.56944951912,0.420739304998,0.000558259899536,1727.25622552
1.134,855,0,0,0,1,0,54.9195741178,53.0524089492,4.51574046296,76.4925462285,80.8344783763,0.162686955179,7.47968727053,0.420739304998,0.000556031102508,1728.38306757
1.135,855,0,0,0,1,0,54.8412596227,53.0788837091,4.51780600941,76.4548378061,80.8730167836,0.163227233283,7.5013886667,0.420739304998,0.000553704067449,1729.51090071
1.136,855,0,0,0,1,0,54.762892989,53.1052950963,4.51986576606,76.4171185162,80.9115671215,0.167414179445,7.41741630292,0.420739304998,0.000548098490218,1730.6388315
1.137,855,0,0,0,1,0,54.684454467,53.1316496967,4.52192024597,76.3793789092,80.9501293294,0.165077600721,7.41025987625,0.420739304998,0.000543880082725,1731.76790168
1.138,855,0,0,0,1,0,54.6059539843,53.1579440946,4.52396918219,76.3416238239,80.9887033429,0.162606396636,7.35714264631,0.420739304998,0.000543506225195,1732.898389
1.139,855,0,0,0,1,0,54.5274114077,53.1841715857,4.52601205196,76.3038628588,81.0272891081,0.165795801139,7.45238466782,0.420739304998,0.000543569850806,1734.02993272
1.14,855,0,0,0,1,0,54.4487871096,53.2103453325,4.52804987994,76.2660770187,81.0658865637,0.167135551045,7.44404914678,0.420739304998,0.000547539123643,1735.16326261
1.141,855,0,0,0,1,0,54.3701108885,53.2364553346,4.53008188685,76.2282806872,81.1044956441,0.170544523522,7.4632496346,0.420739304998,0.000551331798007,1736.29798758
1.142,855,0,0,0,1,0,54.2913629174,53.2625081017,4.53210857874,76.190464396,81.1431162876,0.170859277996,7.55593001156,0.420739304998,0.000550729397023,1737.43408238
1.143,855,0,0,0,1,0,54.2125631104,53.2884969748,4.53412943704,76.1526377651,81.181748432,0.169855104798,7.49224363856,0.420739304998,0.000550383700002,1738.57140837
1.144,855,0,0,0,1,0,54.1336916096,53.3144284329,4.53614496494,76.1147913191,81.2203920154,0.169724413842,7.521018539,0.420739304998,0.000550387891449,1739.70981392
1.145,855,0,0,0,1,0,54.0547683605,53.3402958476,4.53815464669,76.076934686,81.2590469755,0.169646107466,7.5156312555,0.420739304998,0.000550997807032,1740.84938556
1.146,855,0,0,0,1,0,53.9757834447,53.3661024094,4.54015872969,76.0390631592,81.2977132537,0.171135321402,7.55558118411,0.420739304998,0.000555311560926,1741.99229581
1.147,855,0,0,0,1,0,53.8967319095,53.3918496605,4.54215733309,76.0011744247,81.3363907855,0.169981165003,7.47076738658,0.420739304998,0.000554234594535,1743.13910875
1.148,855,0,0,0,1,0,53.8176087905,53.4175391318,4.54415057494,75.9632661704,81.3750795027,0.167762208743,7.41062131845,0.420739304998,0.000550678018364,1744.28709566
1.149,855,0,0,0,1,0,53.7384390932,53.4431626387,4.54613781971,75.9253504311,81.4137793448,0.16740887442,7.43231546717,0.420739304998,0.000546735486512,1745.43540652
1.15,855,0,0,0,1,0,53.6592078753,53.4687249619,4.54811943772,75.887420099,81.4524902545,0.166318641956,7.50122666949,0.420739304998,0.000543128544833,1746.58620834
1.151,855,0,0,0,1,0,53.5799051646,53.4942292374,4.55009567139,75.8494704647,81.4912121652,0.166431715028,7.6909383024,0.420739304998,0.000546715834394,1747.74031246
1.152,855,0,0,0,1,0,53.5005409996,53.5196721555,4.55206626356,75.8115063968,81.5299450096,0.165513063143,7.55251013374,0.420739304998,0.000546488298992,1748.89402712
1.153,855,0,0,0,1,0,53.4211354667,53.545047226,4.5540307112,75.7735375491,81.5686887317,0.167551578571,7.47763954849,0.420739304998,0.00054551886852,1750.04782541
1.154,855,0,0,0,1,0,53.3416535208,53.5703655821,4.55598987564,75.7355472198,81.6074432697,0.164702863423,7.47183129502,0.420739304998,0.000542591555457,1751.20292299
1.155,855,0,0,0,1,0,53.2621102363,53.5956223352,4.55794337785,75.6975426825,81.6462085539,0.163085279058,7.39531834668,0.420739304998,0.000539620540249,1752.35922959
1.156,855,0,0,0,1,0,53.1825056509,53.6208174021,4.55989121078,75.659524014,81.6849845203,0.161270066335,7.37672535343,0.420739304998,0.000537639442806,1753.5167527
1.157,855,0,0,0,1,0,53.1028297464,53.6459538717,4.56183361255,75.6214864955,81.723771101,0.159591463924,7.41169200992,0.420739304998,0.000536478535831,1754.67684875
1.158,855,0,0,0,1,0,53.0231077039,53.6710237337,4.56376996359,75.5834422045,81.7625682337,0.161953971797,7.48417619225,0.420739304998,0.00053728279969,1755.83959356
1.159,855,0,0,0,1,0,52.9433244777,53.6960316629,4.56570062457,75.5453840105,81.8013758597,0.161630651992,7.65788171519,0.420739304998,0.000537778295352,1757.00565546
1.16,855,0,0,0,1,0,52.8634700272,53.7209807249,4.56762583142,75.5073071901,81.8401939107,0.159875244702,7.84773718148,0.420739304998,0.000539271896096,1758.17357239
1.161,855,0,0,0,1,0,52.7835695915,53.7458629675,4.56954496996,75.4692238345,81.8790223237,0.162251261142,7.97254824984,0.420739304998,0.000541893619805,1759.34161648
1.162,855,0,0,0,1,0,52.7035979966,53.7706861636,4.57145863917,75.4311220014,81.9178610354,0.158807313548,7.93282719603,0.420739304998,0.000543291384849,1760.51114232
1.163,855,0,0,0,1,0,52.6235603166,53.7954486511,4.57336671011,75.3930041783,81.9567099749,0.157966443231,7.78352512132,0.420739304998,0.000543361318198,1761.68156068
1.164,855,0,0,0,1,0,52.5434717469,53.8201456618,4.57526881482,75.354877659,81.995569079,0.155618840317,7.72369126402,0.420739304998,0.000540530322738,1762.85294639
1.165,855,0,0,0,1,0,52.4633019896,53.8447864565,4.57716566581,75.316728087,82.0344382784,0.158386273553,7.60646894564,0.420739304998,0.000539984667478,1764.02822515
1.166,855,0,0,0,1,0,52.3831016782,53.8693554108,4.57905605982,75.2785796107,82.0733175116,0.160327639429,7.5221379248,0.420739304998,0.000540107166815,1765.20590109
1.167,855,0,0,0,1,0,52.3028202342,53.8938679573,4.58094118374,75.2404082258,82.1122067168,0.163136033161,7.4793044552,0.420739304998,0.000538006866772,1766.3865948
1.168,855,0,0,0,1,0,52.2224931576,53.9183131793,4.58282019738,75.2022308755,82.1511058264,0.16233802258,7.45792695579,0.420739304998,0.000536984423545,1767.56982472
1.169,855,0,0,0,1,0,52.1420951406,53.9426987113,4.58469368699,75.1640355896,82.1900147759,0.158857148229,7.38275532402,0.420739304998,0.000534796220855,1768.7545854
1.17,855,0,0,0,1,0,52.0616312852,53.9670229182,4.58656152613,75.1258248632,82.2289334933,0.160187407857,7.34642235394,0.420739304998,0.000535097252981,1769.9411456
1.171,855,0,0,0,1,0,51.9811168686,53.9912811144,4.58842335444,75.087606009,82.2678619136,0.164260116577,7.35160116664,0.420739304998,0.00053561186773,1771.12954477
1.172,855,0,0,0,1,0,51.9005316037,54.0154793396,4.59027963484,75.0493694588,82.30679997,0.165325952123,7.33569360442,0.420739304998,0.000534488564574,1772.31830851
1.173,855,0,0,0,1,0,51.8198958727,54.0396114008,4.59212989161,75.0111249452,82.3457475953,0.163963336849,7.39754028885,0.420739304998,0.000532669270718,1773.50760028
1.174,855,0,0,0,1,0,51.7391791717,54.0636863442,4.59397481758,74.9728580695,82.3847047184,0.166180788138,7.41587111527,0.420739304998,0.000531887555364,1774.69830508
1.175,855,0,0,0,1,0,51.6584324806,54.0876889017,4.5958132422,74.9345930558,82.4236712758,0.167729735736,7.46224590009,0.420739304998,0.000527532201816,1775.88868019
1.176,855,0,0,0,1,0,51.5776048774,54.1116341479,4.59764631954,74.8963058282,82.4626472038,0.166839344656,7.43462104331,0.420739304998,0.000527519487654,1777.08008272
1.177,855,0,0,0,1,0,51.4967269997,54.135512923,4.59947334763,74.8580109688,82.5016324311,0.167356363593,7.34807286488,0.420739304998,0.000526424258624,1778.27208865
1.178,855,0,0,0,1,0,51.4157886868,54.1593281644,4.6012945507,74.819703722,82.5406268938,0.165896569434,7.306941355,0.420739304998,0.00052295817123,1779.46655454
1.179,855,0,0,0,1,0,51.3347797548,54.1830827853,4.60311015075,74.7813793378,82.57963052,0.163220379757,7.25863973881,0.420739304998,0.000524268569689,1780.66192904
1.18,855,0,0,0,1,0,51.2537206939,54.2067707042,4.60491968229,74.7430475725,82.6186432416,0.161422365465,7.32605588143,0.420739304998,0.000525021623213,1781.85907841
1.181,855,0,0,0,1,0,51.1725910807,54.2303978162,4.60672359502,74.7046988315,82.6576649902,0.160819046354,7.45759500124,0.420739304998,0.000526040235595,1783.05791764
1.182,855,0,0,0,1,0,51.0914114362,54.2539580719,4.60852142639,74.6663428778,82.6966956975,0.163367452376,7.47720514328,0.420739304998,0.000526077561299,1784.25842065
1.183,855,0,0,0,1,0,51.010161307,54.277457334,4.61031362312,74.6279701111,82.7357352946,0.165593722313,7.41129621407,0.420739304998,0.000526682754448,1785.46165667
1.184,855,0,0,0,1,0,50.9288612446,54.3008895851,4.61209972562,74.5895903011,82.7747837127,0.165561839848,7.31052922584,0.420739304998,0.00052499496633,1786.6681599
1.185,855,0,0,0,1,0,50.8475010357,54.3242577058,4.61387995291,74.5511986831,82.8138408865,0.165944339429,7.30528617213,0.420739304998,0.000522974231894,1787.87778629
1.186,855,0,0,0,1,0,50.7660704445,54.3475645523,4.61565452179,74.512790498,82.8529067427,0.167810696211,7.39120901554,0.420739304998,0.000522377983543,1789.09062313
1.187,855,0,0,0,1,0,50.6845900684,54.3708041554,4.61742297711,74.4743755251,82.8919812116,0.166539941186,7.43506519003,0.420739304998,0.000524416531985,1790.3053578
1.188,855,0,0,0,1,0,50.6030470987,54.3939801027,4.61918559127,74.4359477847,82.9310642262,0.165245877404,7.49178868388,0.420739304998,0.000530261149075,1791.52152581
1.189,855,0,0,0,1,0,50.5214389987,54.4170930334,4.62094241213,74.397506151,82.9701557136,0.166872615733,7.477627615,0.420739304998,0.00053095126896,1792.74077801
1.19,855,0,0,0,1,0,50.4397735345,54.4401406719,4.62269326599,74.3590543486,83.0092556022,0.16547458578,7.39366138629,0.420739304998,0.00052878102068,1793.96246889
1.191,855,0,0,0,1,0,50.3580533312,54.463122211,4.62443809096,74.3205936732,83.0483638245,0.166467910118,7.39579713166,0.420739304998,0.000527607064637,1795.18696598
1.192,855,0,0,0,1,0,50.2762681161,54.4860404657,4.62617710006,74.282119355,83.0874803097,0.166948366531,7.39311641127,0.420739304998,0.000524458101369,1796.41406441
1.193,855,0,0,0,1,0,50.1944179246,54.5088953417,4.62791028532,74.2436314829,83.1266049828,0.168734101518,7.4787763859,0.420739304998,0.000523333601476,1797.6440968
1.194,855,0,0,0,1,0,50.1125182995,54.53168243,4.62963731178,74.2051374273,83.1657377746,0.169567124554,7.49350020101,0.420739304998,0.000524281899672,1798.87534576
1.195,855,0,0,0,1,0,50.030556367,54.5544052461,4.63135844525,74.1666311976,83.2048786168,0.166668946751,7.70000430046,0.420739304998,0.000520538268446,1800.10722432
1.196,855,0,0,0,1,0,49.9485295783,54.5770644146,4.63307373227,74.1281116674,83.2440274348,0.165455607971,7.55231855526,0.420739304998,0.000518906520748,1801.34246397
1.197,855,0,0,0,1,0,49.8664301989,54.5996619798,4.63478332665,74.0895752827,83.2831841498,0.165244556171,7.50136399281,0.420739304998,0.000517076781376,1802.57889483
1.198,855,0,0,0,1,0,49.7843023192,54.6221857495,4.63648630552,74.0510427929,83.3223486973,0.164924382478,7.52735332312,0.420739304998,0.000517325944001,1803.81553682
1.199,855,0,0,0,1,0,49.7021045245,54.6446470279,4.63818352314,74.0124948192,83.3615210132,0.164656858769,7.58867530037,0.420739304998,0.00051610242693,1805.05310675
1.2,855,0,0,0,1,0,49.619836844,54.6670457118,4.63987497074,73.9739314558,83.4007010177,0.16254166314,7.72067334011,0.420739304998,0.000516452197651,1806.29132976
1.201,855,0,0,0,1,0,49.5375200886,54.6893760606,4.6415602141,73.9353625246,83.4398886383,0.164198020742,7.71602654493,0.420739304998,0.000521275132838,1807.53079008
1.202,855,0,0,0,1,0,49.45513872,54.7116422197,4.64323956541,73.8967808085,83.4790838047,0.166669362681,7.72739923144,0.420739304998,0.000524241873413,1808.77097881
1.203,855,0,0,0,1,0,49.3726979781,54.733842693,4.64491291106,73.8581888319,83.5182864418,0.166477352355,7.70450821408,0.420739304998,0.000522427398723,1810.01268108
1.204,855,0,0,0,1,0,49.290192701,54.7559787906,4.646580349,73.8195842494,83.5574964745,0.166176914712,7.67734345451,0.420739304998,0.000518805103289,1811.25742881
1.205,855,0,0,0,1,0,49.2076385572,54.7780462387,4.64824155664,73.780974456,83.5967138314,0.164992835989,7.65415303053,0.420739304998,0.000516923383524,1812.50547559
1.206,855,0,0,0,1,0,49.1250043216,54.8000532988,4.64989715504,73.7423449227,83.635938435,0.16235247756,7.70618860505,0.420739304998,0.000519678858405,1813.75634099
1.207,855,0,0,0,1,0,49.0423317528,54.8219887748,4.65154630117,73.7037152385,83.6751702115,0.162055490211,7.68318970306,0.420739304998,0.000518382916154,1815.00975356
1.208,855,0,0,0,1,0,48.9596104826,54.8438553732,4.6531891982,73.6650806049,83.7144090992,0.163147124552,7.60404778388,0.420739304998,0.000515969355445,1816.2654372
1.209,855,0,0,0,1,0,48.8768092192,54.8656612804,4.65482646031,73.6264264824,83.7536550199,0.164826221521,7.4559806684,0.420739304998,0.000514949241018,1817.52440331
1.21,855,0,0,0,1,0,48.793959353,54.887398144,4.65645745948,73.5877676005,83.7929078951,0.164836666505,7.37955961084,0.420739304998,0.000517258543675,1818.78534162
1.211,855,0,0,0,1,0,48.7110295476,54.9090740997,4.6580828053,73.5490894131,83.832167646,0.165147189241,7.31806853586,0.420739304998,0.000518579723031,1820.04711499
1.212,855,0,0,0,1,0,48.6280617118,54.9306781182,4.65970167,73.5104115349,83.8714341974,0.164226596045,7.29266363591,0.420739304998,0.000519908383939,1821.31161673
1.213,855,0,0,0,1,0,48.5450349601,54.9522155829,4.66131445648,73.4717242836,83.9107074824,0.162660263201,7.34563433773,0.420739304998,0.000519227549063,1822.57789052
1.214,855,0,0,0,1,0,48.461949339,54.9736864061,4.66292115744,73.43302775,83.9499874258,0.163176799116,7.37804480702,0.420739304998,0.000516222444651,1823.84428372
1.215,855,0,0,0,1,0,48.3788048948,54.9950905003,4.66452176556,73.3943220248,83.9892739521,0.166603793376,7.40208999936,0.420739304998,0.000516902435321,1825.11134082
1.216,855,0,0,0,1,0,48.2955911714,55.016430471,4.66611647478,73.3556023172,84.0285669816,0.164850276261,7.47707726146,0.420739304998,0.000514801291614,1826.38006135
1.217,855,0,0,0,1,0,48.2123292211,55.0377008436,4.66770487522,73.3168784924,84.0678664385,0.167491030154,7.53945614706,0.420739304998,0.000513099235621,1827.65318329
1.218,855,0,0,0,1,0,48.1289980704,55.0589069001,4.66928736055,73.2781408658,84.1071722469,0.166216498503,7.53156002397,0.420739304998,0.000515505133307,1828.93166615
1.219,855,0,0,0,1,0,48.0456188017,55.0800431996,4.67086352397,73.2393993077,84.1464843304,0.165390730296,7.44905700424,0.420739304998,0.000515157579389,1830.21129523
1.22,855,0,0,0,1,0,47.9621783115,55.1011129953,4.67243360741,73.2006477944,84.1858026156,0.163909824202,7.42436251054,0.420739304998,0.000514728253148,1831.4945343
1.221,855,0,0,0,1,0,47.8786740086,55.1221168577,4.6739976525,73.1618851982,84.225127023,0.161048794608,7.43907650119,0.420739304998,0.000510853551903,1832.7821189
1.222,855,0,0,0,1,0,47.7951191172,55.143051387,4.67555540529,73.1231177265,84.2644574766,0.16453048523,7.46367697862,0.420739304998,0.000507982261064,1834.07310739
1.223,855,0,0,0,1,0,47.7114952256,55.1639211171,4.67710720236,73.0843369092,84.3037938986,0.163793698802,7.48013790154,0.420739304998,0.000507779780457,1835.36676125
1.224,855,0,0,0,1,0,47.6278234911,55.1847206916,4.67865264462,73.045552629,84.3431362116,0.163237421455,7.40113457466,0.420739304998,0.000511327360611,1836.6605592
1.225,855,0,0,0,1,0,47.5440828376,55.2054552733,4.68019211486,73.0067551877,84.3824843378,0.164541826464,7.38633544792,0.420739304998,0.00051091013048,1837.95367792
1.226,855,0,0,0,1,0,47.4602944523,55.2261195396,4.68172521711,72.9679544726,84.4218381996,0.16524155132,7.49607392736,0.420739304998,0.000509560844854,1839.24711656
1.227,855,0,0,0,1,0,47.3764372302,55.2467186189,4.68325233104,72.9291407819,84.4611977187,0.163989683415,7.5390722025,0.420739304998,0.000508508503185,1840.53922374
1.228,855,0,0,0,1,0,47.292532388,55.2672472228,4.68477306377,72.8903240074,84.5005628167,0.161810705367,7.50122185663,0.420739304998,0.000509181267184,1841.82941305
1.229,855,0,0,0,1,0,47.2085587917,55.2877104452,4.68628779186,72.851494444,84.5399334148,0.164546354896,7.58941644821,0.420739304998,0.00050832478941,1843.11806015
1.23,855,0,0,0,1,0,47.1245376877,55.3081030319,4.68779612554,72.812661988,84.5793094346,0.159271839868,7.5995239018,0.420739304998,0.000506886536772,1844.40778252
1.231,855,0,0,0,1,0,47.0404585265,55.3284274769,4.6892982486,72.7738218284,84.6186908014,0.164927803818,7.71007467617,0.420739304998,0.000506230229381,1845.70171628
1.232,855,0,0,0,1,0,46.9563160471,55.3486849696,4.69079424806,72.734971611,84.6580774345,0.165430160886,7.8205203911,0.420739304998,0.000506156367332,1846.99991994
1.233,855,0,0,0,1,0,46.8721156056,55.3688741384,4.69228402171,72.6961138854,84.6974692525,0.167938292748,7.81470848144,0.420739304998,0.000505992770567,1848.30187128
1.234,855,0,0,0,1,0,46.787851934,55.3889961641,4.69376765578,72.6572462971,84.7368661739,0.165545656091,7.71193782356,0.420739304998,0.000506009817026,1849.60517862
1.235,855,0,0,0,1,0,46.7035303962,55.4090496834,4.69524504881,72.6183713971,84.776268117,0.164694810897,7.54356438354,0.420739304998,0.000507478357934,1850.90811786
1.236,855,0,0,0,1,0,46.6191616922,55.4290320847,4.69671600773,72.5794941839,84.815675006,0.164484969394,7.43236835019,0.420739304998,0.000510378436063,1852.21146438
1.237,855,0,0,0,1,0,46.5347352296,55.4489458099,4.69818071157,72.5406098424,84.8550867649,0.164307625649,7.34640453528,0.420739304998,0.000512137814512,1853.51691676
1.238,855,0,0,0,1,0,46.4502510586,55.4687907695,4.69963915292,72.5017184693,84.8945033129,0.160863947604,7.37605611297,0.420739304998,0.000509336544313,1854.82388928
1.239,855,0,0,0,1,0,46.365703894,55.4885681225,4.70109141599,72.4628177093,84.9339245669,0.161629040431,7.28687723527,0.420739304998,0.000508321354717,1856.13194432
1.24,855,0,0,0,1,0,46.2810991187,55.5082765268,4.7025374013,72.4239101169,84.9733504432,0.163271434763,7.28893430403,0.420739304998,0.000508804495481,1857.44002748
1.241,855,0,0,0,1,0,46.1964394552,55.5279152733,4.70397705598,72.3849970165,85.0127808614,0.164715447036,7.37230999117,0.420739304998,0.000506130514726,1858.74901514
1.242,855,0,0,0,1,0,46.1117169382,55.5474861292,4.70541050869,72.3460748231,85.0522157386,0.161523333749,7.35512236013,0.420739304998,0.000503266771689,1860.06092393
1.243,855,0,0,0,1,0,46.0269396371,55.5669871502,4.70683761607,72.3071473207,85.0916549916,0.164642052807,7.44570230825,0.420739304998,0.000502951954825,1861.37594895
1.244,855,0,0,0,1,0,45.9421049302,55.586418864,4.70825841592,72.268213378,85.1310985392,0.163710416947,7.50917294153,0.420739304998,0.000503695435743,1862.6934642
1.245,855,0,0,0,1,0,45.8572182266,55.6057799588,4.7096728115,72.2292755488,85.1705463013,0.165706013259,7.70528289294,0.420739304998,0.000503481858406,1864.01290788
1.246,855,0,0,0,1,0,45.7722688629,55.6250727889,4.71108097389,72.1903290169,85.2099981951,0.166686707647,7.8548990701,0.420739304998,0.000502479698911,1865.33466714
1.247,855,0,0,0,1,0,45.6872622488,55.6442960422,4.71248280637,72.1513763418,85.2494541356,0.166189520819,7.97484608693,0.420739304998,0.000500391270895,1866.65877095
1.248,855,0,0,0,1,0,45.6021930678,55.6634508376,4.71387838953,72.112415167,85.2889140379,0.165515081305,7.97916637664,0.420739304998,0.00049933184478,1867.9864464
1.249,855,0,0,0,1,0,45.5170667374,55.6825358718,4.71526762745,72.0734480533,85.3283778166,0.163764965763,7.81883715071,0.420739304998,0.00049850887589,1869.3163044
1.25,855,0,0,0,1,0,45.4318940615,55.7015486546,4.7166503381,72.0344800144,85.3678453931,0.16392786842,7.67410472512,0.420739304998,0.00049956368451,1870.6461798
1.251,855,0,0,0,1,0,45.3466643485,55.7204915048,4.71802668935,71.9955062272,85.4073166884,0.162219299879,7.5723664908,0.420739304998,0.000497843308538,1871.97761282
1.252,855,0,0,0,1,0,45.2613776514,55.7393643319,4.71939667373,71.9565267922,85.446791619,0.165390671068,7.54596600721,0.420739304998,0.000499185056136,1873.31082566
1.253,855,0,0,0,1,0,45.1760124774,55.7581717927,4.720760628,71.9175319788,85.4862700919,0.165302187602,7.56593164779,0.420739304998,0.000499268107753,1874.64507051
1.254,855,0,0,0,1,0,45.0906119716,55.7769043029,4.72211785617,71.8785415728,85.5257520225,0.165230027058,7.61653406192,0.420739304998,0.000505367832147,1875.97991429
1.255,855,0,0,0,1,0,45.0051546416,55.7955665188,4.72346869501,71.8395458225,85.5652373348,0.161169912324,7.60961973791,0.420739304998,0.000505133530842,1877.31519484
1.256,855,0,0,0,1,0,44.9196405411,55.8141583501,4.72481313701,71.8005448298,85.6047259434,0.16135969307,7.64232172966,0.420739304998,0.000502220576946,1878.65169587
1.257,855,0,0,0,1,0,44.834064323,55.8326808751,4.72615125913,71.7615362374,85.6442177605,0.162117248072,7.71341600097,0.420739304998,0.000501284136793,1879.98968822
1.258,855,0,0,0,1,0,44.7484314387,55.8511328298,4.72748296901,71.7225226119,85.683712698,0.166070284777,7.70201437695,0.420739304998,0.000501605005744,1881.32960677
1.259,855,0,0,0,1,0,44.6627365344,55.8695152833,4.72880834278,71.6835015961,85.7232106674,0.166388088615,7.74005989132,0.420739304998,0.000497732360169,1882.67184368
1.26,855,0,0,0,1,0,44.5769958921,55.8878246693,4.73012712241,71.644480678,85.7627115847,0.164849554009,7.93921414596,0.420739304998,0.000499119556297,1884.01544223
1.261,855,0,0,0,1,0,44.4911987504,55.906063217,4.73143946768,71.6054550304,85.8022153677,0.164370197832,8.11213213772,0.420739304998,0.000498661267473,1885.36035177
1.262,855,0,0,0,1,0,44.4053343267,55.9242331288,4.73274553591,71.5664198351,85.8417219253,0.16738695012,8.06155363624,0.420739304998,0.000501396259964,1886.70955706
1.263,855,0,0,0,1,0,44.3194135063,55.9423320114,4.73404515391,71.5273801277,85.881231166,0.169441551871,7.88738660345,0.420739304998,0.000498904382049,1888.06293411
1.264,855,0,0,0,1,0,44.2334526218,55.9603563607,4.73533806933,71.4883433959,85.9207430091,0.171062395964,7.77833067757,0.420739304998,0.000498689855106,1889.41935904
1.265,855,0,0,0,1,0,44.1474246031,55.9783117785,4.73662468309,71.4492974216,85.9602573694,0.173346585631,7.62064363804,0.420739304998,0.000498318935168,1890.77700221
1.266,855,0,0,0,1,0,44.0613349245,55.996197027,4.73790490523,71.4102447812,85.9997741524,0.17084948833,7.50482718165,0.420739304998,0.000495994487451,1892.13513576
1.267,855,0,0,0,1,0,43.975199944,56.0140086333,4.73917848625,71.3711929704,86.0392932724,0.173530069123,7.47419674099,0.420739304998,0.000493553570253,1893.49340302
1.268,855,0,0,0,1,0,43.8890088519,56.0317487635,4.74044558017,71.3321371598,86.078814646,0.17428865393,7.57621327429,0.420739304998,0.000491411868411,1894.85175294
1.269,855,0,0,0,1,0,43.8027508171,56.0494195565,4.7417063386,71.29307253,86.1183381802,0.172022939671,7.56927206891,0.420739304998,0.000492985629114,1896.21016633
1.27,855,0,0,0,1,0,43.7164476702,56.0670164604,4.74296043571,71.2540090476,86.1578637864,0.174300053418,7.53009403719,0.420739304998,0.000493823615579,1897.56813742
1.271,855,0,0,0,1,0,43.6300776795,56.084543826,4.74420818058,71.2149369567,86.1973913755,0.177645128273,7.48427416796,0.420739304998,0.000492769043295,1898.92718753
1.272,855,0,0,0,1,0,43.543662704,56.1019971375,4.74544925067,71.1758662264,86.2369208578,0.176433569455,7.33188631849,0.420739304998,0.000494752009695,1900.28785433
1.273,855,0,0,0,1,0,43.4571809843,56.1193807095,4.74668395175,71.1367870996,86.276452143,0.1777716127,7.4257678028,0.420739304998,0.000494026041659,1901.65156863
1.274,855,0,0,0,1,0,43.3706544081,56.1366900621,4.74791196458,71.0977095478,86.3159851406,0.173806975634,7.52388195178,0.420739304998,0.000494771883562,1903.0190988
1.275,855,0,0,0,1,0,43.2840721174,56.1539272977,4.74913343742,71.0586287401,86.3555197644,0.177329080828,7.62679864271,0.420739304998,0.000495591605406,1904.39249852
1.276,855,0,0,0,1,0,43.1974122971,56.171096658,4.75034866943,71.0195349281,86.3950559142,0.17676020168,7.61580560741,0.420739304998,0.000492984656052,1905.77134974
1.277,855,0,0,0,1,0,43.1107296937,56.1881872264,4.75155688706,70.9804528823,86.4345935034,0.177294586457,7.59669150277,0.420739304998,0.00048989586762,1907.15297297
1.278,855,0,0,0,1,0,43.0239696554,56.2052097084,4.75275884621,70.9413580355,86.4741324454,0.176413865971,7.5565244151,0.420739304998,0.000488592700093,1908.53779438
1.279,855,0,0,0,1,0,42.9371650844,56.2221575572,4.75395408336,70.9022653044,86.5136726442,0.173814945293,7.5339472083,0.420739304998,0.000490092480765,1909.9249266
1.28,855,0,0,0,1,0,42.8502941242,56.2390349594,4.75514289268,70.8631649281,86.5532140081,0.172290994168,7.5892508883,0.420739304998,0.000495015722403,1911.31597729
1.281,855,0,0,0,1,0,42.7633677909,56.2558396837,4.75632511571,70.824061956,86.5927564405,0.170654349546,7.65980550232,0.420739304998,0.000495208058483,1912.70772093
1.282,855,0,0,0,1,0,42.6763971216,56.272569526,4.75750059645,70.7849614273,86.6322998538,0.170913283472,7.78779397163,0.420739304998,0.000491218242731,1914.09905094
1.283,855,0,0,0,1,0,42.5893712039,56.289226515,4.75866947654,70.7458585105,86.6718441605,0.171472999318,7.69565752497,0.420739304998,0.000490638993549,1915.49058886
1.284,855,0,0,0,1,0,42.5022900969,56.3058105585,4.75983174837,70.7067533154,86.7113892682,0.174333298383,7.65029773279,0.420739304998,0.000488180737298,1916.88295934
1.285,855,0,0,0,1,0,42.4151428607,56.3223236483,4.76098755022,70.6676410211,86.7509350794,0.17308763621,7.77309017885,0.420739304998,0.000488739609861,1918.27800828
1.286,855,0,0,0,1,0,42.3279515535,56.3387615235,4.76213658273,70.6285316111,86.7904815011,0.168094602835,7.93041217207,0.420739304998,0.000492812160874,1919.67673911
1.287,855,0,0,0,1,0,42.2406942225,56.3551282417,4.76327912836,70.5894153226,86.8300284398,0.164966012118,7.93642683586,0.420739304998,0.000492066704614,1921.07978636
1.288,855,0,0,0,1,0,42.1533929541,56.3714195787,4.7644148911,70.5503021406,86.8695758015,0.164463717679,7.8378528029,0.420739304998,0.000490563091106,1922.48571289
1.289,855,0,0,0,1,0,42.0660312819,56.3876385315,4.76554407878,70.5111847676,86.9091234948,0.165419435554,7.72790974432,0.420739304998,0.000484851258459,1923.89339451
1.29,855,0,0,0,1,0,41.9786037423,56.4037860169,4.76666675381,70.4720608549,86.948671418,0.165577922007,7.67711084309,0.420739304998,0.000484008640298,1925.30109219
1.291,855,0,0,0,1,0,41.8911490252,56.4198548234,4.76778241391,70.4329477879,86.9882194837,0.164488719679,7.67230637064,0.420739304998,0.000480789333904,1926.70958349
1.292,855,0,0,0,1,0,41.8036175109,56.4358539918,4.76889168567,70.3938234556,87.0277675992,0.163967754666,7.65201807809,0.420739304998,0.000485521486029,1928.11942466
1.293,855,0,0,0,1,0,41.7160423969,56.451777362,4.76999414063,70.3547027901,87.0673156645,0.166211534157,7.60398551234,0.420739304998,0.000484644708747,1929.52828675
1.294,855,0,0,0,1,0,41.6284071658,56.4676278606,4.7710899803,70.3155784942,87.1068635866,0.165620386229,7.60077667613,0.420739304998,0.000481430654224,1930.93816864
1.295,855,0,0,0,1,0,41.5407063381,56.4834063812,4.77217926495,70.2764482201,87.1464112623,0.168321703889,7.52117432759,0.420739304998,0.000482264098829,1932.3514103
1.296,855,0,0,0,1,0,41.4529676499,56.4991078569,4.77326164367,70.2373244246,87.1859585978,0.166462863932,7.53074331972,0.420739304998,0.000482481798168,1933.7683906
1.297,855,0,0,0,1,0,41.3651745605,56.5147351818,4.77433731504,70.1981998052,87.2255055036,0.16723197601,7.45083013939,0.420739304998,0.000481068921557,1935.1877208
1.298,855,0,0,0,1,0,41.277327132,56.5302882626,4.77540627141,70.1590744756,87.2650518827,0.168085020526,7.46695202056,0.420739304998,0.000481476269318,1936.60801069
1.299,855,0,0,0,1,0,41.1894143307,56.5457689603,4.77646863923,70.1199436172,87.304597633,0.168083431556,7.59856259961,0.420739304998,0.000482738415716,1938.02854024
1.3,855,0,0,0,1,0,41.1014473083,56.5611752181,4.77752427591,70.080812289,87.3441426522,0.167598804889,7.69328596879,0.420739304998,0.000481266487904,1939.4494563
1.301,855,0,0,0,1,0,41.013437237,56.5765050077,4.77857304142,70.0416855394,87.3836868469,0.172808949341,7.74024323216,0.420739304998,0.000486061975414,1940.87213527
1.302,855,0,0,0,1,0,40.9253730771,56.5917601803,4.77961506133,70.0025585386,87.4232301236,0.171410748927,7.80266630959,0.420739304998,0.000484683163781,1942.29451269
1.303,855,0,0,0,1,0,40.8372437685,56.6069425588,4.78065045868,69.9634264689,87.4627723788,0.170056921512,8.001803147,0.420739304998,0.000484887990157,1943.71631372
1.304,855,0,0,0,1,0,40.7490716211,56.6220482171,4.78167896444,69.9242993243,87.5023135137,0.168555519827,8.1696782494,0.420739304998,0.000487947202062,1945.13547487
1.305,855,0,0,0,1,0,40.6608344384,56.6370808753,4.7827008306,69.8851673429,87.5418534293,0.170176641741,8.09653439008,0.420739304998,0.000484997323537,1946.55587181
1.306,855,0,0,0,1,0,40.5725545579,56.6520366453,4.78371579155,69.846040519,87.5813920261,0.170991523602,7.91856337333,0.420739304998,0.000482115903521,1947.97856601
1.307,855,0,0,0,1,0,40.4842209068,56.6669173306,4.7847239686,69.8069140246,87.6209292096,0.168412357452,7.78839914719,0.420739304998,0.000480258679113,1949.40306707
1.308,855,0,0,0,1,0,40.3958223922,56.6817247066,4.78572548049,69.7677830437,87.660464875,0.168229433774,7.73643436092,0.420739304998,0.000478013812855,1950.82996672
1.309,855,0,0,0,1,0,40.3073813929,56.6964549417,4.78672006672,69.7286575714,87.6999989223,0.169017182705,7.80549411596,0.420739304998,0.000476662841507,1952.25891895
1.31,855,0,0,0,1,0,40.2188756458,56.711111661,4.78770797072,69.6895278478,87.7395312511,0.171384369329,7.70421314029,0.420739304998,0.00047705746288,1953.68944746
1.311,855,0,0,0,1,0,40.1303275571,56.7256910707,4.78868893544,69.6504038683,87.7790617609,0.172055778918,7.53672547725,0.420739304998,0.000477276628686,1955.12190405
1.312,855,0,0,0,1,0,40.041703653,56.7401985887,4.78966332382,69.6112709414,87.8185903459,0.172629794882,7.30242576438,0.420739304998,0.000475632480713,1956.5587649
1.313,855,0,0,0,1,0,39.9530599266,56.7546249762,4.7906305142,69.5721538722,87.8581169101,0.171777206836,7.34553376189,0.420739304998,0.000474902508196,1958.00024432
1.314,855,0,0,0,1,0,39.8643516932,56.7689774437,4.79159098905,69.533033014,87.897641362,0.170573875775,7.50366814585,0.420739304998,0.000476860637606,1959.4454296
1.315,855,0,0,0,1,0,39.7755846072,56.7832549768,4.79254467876,69.4939109642,87.937163593,0.172978868395,7.4477362579,0.420739304998,0.000476008762287,1960.89419275
1.316,855,0,0,0,1,0,39.6867643337,56.7974565755,4.79349151501,69.4547903145,87.9766834988,0.173138683404,7.53451867113,0.420739304998,0.000471686432533,1962.34464977
1.317,855,0,0,0,1,0,39.5978853299,56.8115830373,4.79443154945,69.4156687189,88.0162009752,0.174943138313,7.52062056773,0.420739304998,0.000472788354141,1963.79330183
1.318,855,0,0,0,1,0,39.5089644925,56.8256315982,4.79536459685,69.376553701,88.0557159223,0.175576873801,7.59618686685,0.420739304998,0.000472207367964,1965.24155525
1.319,855,0,0,0,1,0,39.4199794391,56.8396057108,4.79629088505,69.3374355063,88.0952282373,0.173093223981,7.74440457445,0.420739304998,0.00047280162261,1966.6894373
1.32,855,0,0,0,1,0,39.3309526991,56.8535017532,4.79721017256,69.2983241303,88.1347378168,0.171645682179,7.67314694309,0.420739304998,0.000476117599002,1968.13629207
1.321,855,0,0,0,1,0,39.2418731085,56.8673213949,4.79812256857,69.2592147506,88.1742445618,0.171532447635,7.54877214043,0.420739304998,0.000482579808683,1969.58638101
1.322,855,0,0,0,1,0,39.152735109,56.8810654088,4.79902812254,69.2201050236,88.2137483656,0.175548589193,7.58468836874,0.420739304998,0.000481120701298,1971.0399916
1.323,855,0,0,0,1,0,39.0635443906,56.8947328283,4.79992676918,69.1809975424,88.2532491211,0.176027107093,7.54972795589,0.420739304998,0.000481068231221,1972.49610994
1.324,855,0,0,0,1,0,38.9742953889,56.9083244167,4.80081855706,69.141889964,88.2927467208,0.176141408162,7.49611886952,0.420739304998,0.000480563528339,1973.95369511
1.325,855,0,0,0,1,0,38.885005072,56.921837511,4.80170331007,69.1027898117,88.3322410617,0.176927793967,7.52219047816,0.420739304998,0.000482905699629,1975.41229387
1.326,855,0,0,0,1,0,38.7956509661,56.9352754281,4.80258124387,69.0636873368,88.3717320381,0.175729670789,7.54781603929,0.420739304998,0.000478510080844,1976.87273272
1.327,855,0,0,0,1,0,38.7062556952,56.9486346814,4.80345212914,69.0245925332,88.4112195438,0.175018636119,7.67216206526,0.420739304998,0.000475887988415,1978.33405634
1.328,855,0,0,0,1,0,38.6167967593,56.9619185487,4.804316178,68.9854956541,88.4507034724,0.171999799756,7.66789596,0.420739304998,0.000474408360746,1979.7971944
1.329,855,0,0,0,1,0,38.5272968094,56.9751235822,4.80517316465,68.9464066924,88.4901837173,0.171228178065,7.55721459811,0.420739304998,0.000473558507929,1981.26236773
1.33,855,0,0,0,1,0,38.4377446239,56.9882513637,4.80602319041,68.9073208315,88.5296601767,0.170285543328,7.58657032066,0.420739304998,0.000471583843247,1982.72658154
1.331,855,0,0,0,1,0,38.3481346168,57.0013026221,4.80686630078,68.868235732,88.5691327408,0.169619885855,7.61545292048,0.420739304998,0.000473577483911,1984.19130831
1.332,855,0,0,0,1,0,38.25847251,57.0142764339,4.80770243439,68.8291539885,88.6086012998,0.167967480556,7.61940863712,0.420739304998,0.000472651837159,1985.66051679
1.333,855,0,0,0,1,0,38.1687527113,57.0271735181,4.80853163583,68.7900732627,88.6480657431,0.164874330521,7.62187549862,0.420739304998,0.000474084788347,1987.13345389
1.334,855,0,0,0,1,0,38.0789922804,57.0399913429,4.80935374083,68.7510010756,88.687525965,0.171809050665,7.58334012998,0.420739304998,0.000474439383211,1988.60792613
1.335,855,0,0,0,1,0,37.9891686265,57.0527330494,4.81016894923,68.7119276884,88.7269818569,0.173106731256,7.64982219984,0.420739304998,0.000474497802517,1990.08223565
1.336,855,0,0,0,1,0,37.8993101664,57.0653945268,4.81097699649,68.6728655529,88.7664333121,0.172189443864,7.68945963317,0.420739304998,0.000472959277664,1991.55740233
1.337,855,0,0,0,1,0,37.8093886151,57.0779796811,4.81177813036,68.6338024642,88.8058802238,0.174066564864,7.78930413262,0.420739304998,0.000473224002175,1993.03406101
1.338,855,0,0,0,1,0,37.719409709,57.090487608,4.8125722912,68.5947410242,88.8453224743,0.176425145707,7.65964880684,0.420739304998,0.000480184965353,1994.51831199
1.339,855,0,0,0,1,0,37.629390558,57.1029158491,4.81335932138,68.5556887515,88.8847599557,0.174730419369,7.67376993767,0.420739304998,0.00047961243933,1996.00579585
1.34,855,0,0,0,1,0,37.5392971375,57.115269006,4.8141395103,68.5166309916,88.9241925521,0.177571987256,7.7555282748,0.420739304998,0.000475965296833,1997.4959626
1.341,855,0,0,0,1,0,37.4491892185,57.1275388112,4.81491233444,68.4775937409,88.9636201589,0.17690528327,7.88619071481,0.420739304998,0.000474140982418,1998.98699807
1.342,855,0,0,0,1,0,37.3590100019,57.1397329295,4.81567827523,68.4385524747,89.0030426725,0.177801217992,7.83466339822,0.420739304998,0.000473171404506,2000.47849024
1.343,855,0,0,0,1,0,37.268776621,57.1518489372,4.81643717814,68.3995147267,89.0424599711,0.177010139985,7.70562267461,0.420739304998,0.000471142794651,2001.96836974
1.344,855,0,0,0,1,0,37.1785005409,57.1638852144,4.81718894007,68.3604855495,89.0818719457,0.179601218406,7.71078297021,0.420739304998,0.000473888394633,2003.45695931
1.345,855,0,0,0,1,0,37.0881675916,57.1758435674,4.81793367214,68.3214589116,89.1212784857,0.177032551848,7.73227840901,0.420739304998,0.000471140234096,2004.9443925
1.346,855,0,0,0,1,0,36.9977835439,57.1877231411,4.81867131914,68.2824374089,89.1606794765,0.177588708687,7.60724071524,0.420739304998,0.000468240576779,2006.43207537
1.347,855,0,0,0,1,0,36.9073484713,57.1995238399,4.81940187333,68.2434211709,89.2000748057,0.178669170671,7.49178089466,0.420739304998,0.000466885989615,2007.92049893
1.348,855,0,0,0,1,0,36.8168653026,57.2112451986,4.82012530414,68.2044115569,89.2394643619,0.177029792088,7.56340501552,0.420739304998,0.000467864354973,2009.40843209
1.349,855,0,0,0,1,0,36.726325544,57.2228882285,4.82084167207,68.1654050058,89.2788480308,0.177390450615,7.52633452991,0.420739304998,0.000468391669754,2010.89729309
1.35,855,0,0,0,1,0,36.635737839,57.2344517295,4.82155090135,68.1264053424,89.3182256977,0.178263541782,7.46642109105,0.420739304998,0.000468572621808,2012.38884156
1.351,855,0,0,0,1,0,36.5450994048,57.2459359732,4.82225300681,68.0874114651,89.3575972501,0.179170851147,7.42070901422,0.420739304998,0.000466941950944,2013.88534772
1.352,855,0,0,0,1,0,36.4544103162,57.2573408641,4.82294798071,68.0484235052,89.3969625737,0.17995322417,7.40768757354,0.420739304998,0.000466763852075,2015.38634942
1.353,855,0,0,0,1,0,36.3636763745,57.2686655915,4.8236357719,68.0094440512,89.4363215568,0.177388831053,7.37484939862,0.420739304998,0.000464731836479,2016.89125123
1.354,855,0,0,0,1,0,36.2728862015,57.2799114892,4.82431645942,67.9704683146,89.4756740846,0.174063873185,7.41077271998,0.420739304998,0.000465292393887,2018.39875109
1.355,855,0,0,0,1,0,36.1820455993,57.2910777467,4.82498999213,67.9314988908,89.5150200393,0.172470401882,7.48520371613,0.420739304998,0.000465894606967,2019.91048104
1.356,855,0,0,0,1,0,36.0911546434,57.3021642681,4.82565636226,67.8925359125,89.5543593053,0.172084893568,7.49586503041,0.420739304998,0.000466541120966,2021.42319786
1.357,855,0,0,0,1,0,36.0002134097,57.3131709576,4.82631556206,67.8535795125,89.5936917668,0.170172058195,7.30111682963,0.420739304998,0.000464359730697,2022.93752397
1.358,855,0,0,0,1,0,35.9092162317,57.3240984088,4.82696762491,67.8146273691,89.6330173047,0.169364253841,7.22195831697,0.420739304998,0.000463124499695,2024.45152171
1.359,855,0,0,0,1,0,35.8181861624,57.3349437775,4.82761237938,67.7756894411,89.672335808,0.166733359564,7.34793121305,0.420739304998,0.000463612531637,2025.96251285
1.36,855,0,0,0,1,0,35.7270945529,57.3457103954,4.82825002163,67.7367535701,89.7116471623,0.163521156239,7.50506609968,0.420739304998,0.000464265420376,2027.47367061
1.361,855,0,0,0,1,0,35.6359472193,57.356397472,4.8288805023,67.6978223586,89.7509512414,0.160804765983,7.78723244275,0.420739304998,0.000468153213762,2028.98326637
1.362,855,0,0,0,1,0,35.5447614982,57.367002893,4.82950369472,67.6589033079,89.7902479296,0.157980138945,7.9924844126,0.420739304998,0.000472096039646,2030.49505043
1.363,855,0,0,0,1,0,35.4535144462,57.3775292397,4.83011974846,67.6199867274,89.829537108,0.157159256817,8.01442484947,0.420739304998,0.000470036039467,2032.00955262
1.364,855,0,0,0,1,0,35.3622291742,57.3879737588,4.83072850025,67.581082576,89.8688186574,0.158540710592,8.16605730243,0.420739304998,0.000465893890076,2033.52776099
1.365,855,0,0,0,1,0,35.2708827142,57.398338991,4.83133009602,67.5421811675,89.9080924586,0.155618925285,8.24368006148,0.420739304998,0.000462275741574,2035.05083433
1.366,855,0,0,0,1,0,35.1794982028,57.4086222238,4.83192437614,67.5032924575,89.9473583921,0.153710552488,8.09626322399,0.420739304998,0.000460976626915,2036.57731061
1.367,855,0,0,0,1,0,35.0880641892,57.418824669,4.83251140878,67.464411666,89.9866163438,0.154036855046,8.02393962124,0.420739304998,0.000462230490773,2038.10407265
1.368,855,0,0,0,1,0,34.9965692041,57.4289475082,4.83309125936,67.4255340289,90.0258661885,0.150358709502,7.96871808037,0.420739304998,0.00046321191739,2039.63108243
1.369,855,0,0,0,1,0,34.9050364223,57.4389880899,4.83366377374,67.3866694971,90.0651078057,0.152530118413,7.96447881091,0.420739304998,0.000463217971222,2041.15781475
1.37,855,0,0,0,1,0,34.8134428147,57.4489488525,4.8342290887,67.347808396,90.1043410748,0.15565153625,7.98814977434,0.420739304998,0.000462086248844,2042.68219645
1.371,855,0,0,0,1,0,34.7218115815,57.4588271853,4.83478705377,67.3089606729,90.1435658746,0.159398812287,7.84952137797,0.420739304998,0.000463124763968,2044.20482738
1.372,855,0,0,0,1,0,34.6301196691,57.468625486,4.83533780204,67.2701166582,90.1827820838,0.164443969889,7.72792372462,0.420739304998,0.000458110397999,2045.72835522
1.373,855,0,0,0,1,0,34.5383787243,57.4783424112,4.83588125532,67.2312814005,90.2219895749,0.167912139199,7.71306703957,0.420739304998,0.00045585087479,2047.25308466
1.374,855,0,0,0,1,0,34.4466004125,57.4879766483,4.83641733817,67.1924599323,90.2611882315,0.168544252342,7.61794372308,0.420739304998,0.000455889762324,2048.77910205
1.375,855,0,0,0,1,0,34.3547732351,57.4975293273,4.83694611141,67.1536474845,90.3003779367,0.170977391093,7.3671251894,0.420739304998,0.000456665746265,2050.31028896
1.376,855,0,0,0,1,0,34.2628972729,57.5070003519,4.83746756727,67.1148441961,90.3395585676,0.173604383263,7.33786902196,0.420739304998,0.000458605424997,2051.8459036
1.377,855,0,0,0,1,0,34.1709668052,57.5163902181,4.83798173044,67.0760477618,90.3787299983,0.176766203004,7.32013966276,0.420739304998,0.000460493331894,2053.38646609
1.378,855,0,0,0,1,0,34.0789877118,57.5256982317,4.83848856023,67.0372607738,90.4178921023,0.178700857488,7.23859472978,0.420739304998,0.0004609883336,2054.93171445
1.379,855,0,0,0,1,0,33.9869600746,57.5349242962,4.83898804888,66.9984833725,90.4570447556,0.178232773812,7.27665020316,0.420739304998,0.000458277806938,2056.48003833
1.38,855,0,0,0,1,0,33.8948839752,57.544068315,4.83948018863,66.9597156986,90.4961878338,0.178556325677,7.41098290304,0.420739304998,0.000455588903466,2058.02803361
1.381,855,0,0,0,1,0,33.8027536818,57.5531307635,4.83996500229,66.9209554502,90.5353212094,0.18117019631,7.70690508511,0.420739304998,0.00045518084308,2059.57227055
1.382,855,0,0,0,1,0,33.710586722,57.5621098345,4.84044239078,66.8822101031,90.57444476,0.182879885154,7.64553785918,0.420739304998,0.000456482190851,2061.11587021
1.383,855,0,0,0,1,0,33.6183724596,57.5710064876,4.84091240289,66.8434752816,90.6135583663,0.182561369168,7.74637883041,0.420739304998,0.000455568284458,2062.66146701
1.384,855,0,0,0,1,0,33.5261024258,57.5798214447,4.84137507389,66.8047475415,90.652661899,0.18691944498,7.48322758193,0.420739304998,0.00046230836859,2064.20930442
1.385,855,0,0,0,1,0,33.433785253,57.5885537863,4.84183035258,66.7660306196,90.6917552285,0.182844919177,7.52434836964,0.420739304998,0.000454564384031,2065.75800312
1.386,855,0,0,0,1,0,33.3414201149,57.5972035024,4.84227823575,66.7273242764,90.7308382287,0.183350143463,7.49631231157,0.420739304998,0.000455827995724,2067.30526765
1.387,855,0,0,0,1,0,33.2490070951,57.6057704965,4.84271871565,66.6886286548,90.7699107725,0.183870706127,7.49488703661,0.420739304998,0.00045574366356,2068.85410704
1.388,855,0,0,0,1,0,33.1565404424,57.6142552072,4.84315181184,66.6499414603,90.8089727296,0.182501882939,7.44632953491,0.420739304998,0.000453173689217,2070.40687022
1.389,855,0,0,0,1,0,33.0640377501,57.6226559367,4.84357743503,66.6112701568,90.8480239751,0.179888284224,7.44199542444,0.420739304998,0.000451987521743,2071.96123322
1.39,855,0,0,0,1,0,32.971487432,57.6309736592,4.84399563212,66.572609999,90.8870643868,0.176605244525,7.49465031484,0.420739304998,0.000452074374207,2073.51862612
1.391,855,0,0,0,1,0,32.8788661956,57.6392103569,4.84440649904,66.5339513873,90.9260938246,0.176457350035,7.57062751338,0.420739304998,0.000453082991728,2075.07860714
1.392,855,0,0,0,1,0,32.7862325755,57.6473607461,4.84480976973,66.4953188517,90.9651121656,0.174753022906,7.61009935968,0.420739304998,0.000452059034429,2076.6377562
1.393,855,0,0,0,1,0,32.69353404,57.6554293761,4.84520566693,66.4566905776,91.0041192891,0.174659509737,7.83797507659,0.420739304998,0.000451211634922,2078.19556146
1.394,855,0,0,0,1,0,32.6007882168,57.6634146068,4.8455941065,66.4180740364,91.0431150572,0.173190827278,8.02363176835,0.420739304998,0.00045212247128,2079.75465532
1.395,855,0,0,0,1,0,32.5079981199,57.6713160918,4.84597506868,66.3794705906,91.0820993413,0.172881051955,8.07436144626,0.420739304998,0.000454108045242,2081.31532874
1.396,855,0,0,0,1,0,32.4151550497,57.6791344798,4.84634858153,66.3408767338,91.1210720095,0.176373955528,8.15398310257,0.420739304998,0.00045474817861,2082.88018989
1.397,855,0,0,0,1,0,32.3222737424,57.6868684431,4.84671457859,66.3022986996,91.1600329325,0.179393600133,7.92576380034,0.420739304998,0.000454748796694,2084.44874312
1.398,855,0,0,0,1,0,32.2293337655,57.6945195905,4.84707313273,66.263728115,91.1989819775,0.180267156396,7.7291372558,0.420739304998,0.000454994961173,2086.01738257
1.399,855,0,0,0,1,0,32.1363586667,57.7020858938,4.84742414567,66.2251748635,91.2379190125,0.17559585741,7.79010870373,0.420739304998,0.000455884317096,2087.58909374
1.4,855,0,0,0,1,0,32.043330932,57.7095686941,4.84776767661,66.1866317886,91.2768439079,0.175294153177,7.94180313139,0.420739304998,0.000456741232405,2089.16350897
1.401,855,0,0,0,1,0,31.950244769,57.7169683508,4.84810373804,66.1480966186,91.315756522,0.174251101362,7.78635896627,0.420739304998,0.000455482220366,2090.74320176
1.402,855,0,0,0,1,0,31.8571355159,57.7242819759,4.84843219593,66.1095840833,91.3546567271,0.172155611871,7.76175415368,0.420739304998,0.000455812710489,2092.32714092
1.403,855,0,0,0,1,0,31.7639680048,57.731512253,4.84875316786,66.0710797377,91.3935443956,0.173333530915,7.67897283394,0.420739304998,0.000457515249147,2093.91621565
1.404,855,0,0,0,1,0,31.6707481953,57.7386586128,4.8490666244,66.0325861737,91.4324193848,0.174596272798,7.54534386638,0.420739304998,0.000454750904137,2095.5060447
1.405,855,0,0,0,1,0,31.5774938278,57.7457196107,4.84937249895,65.9941108239,91.4712815636,0.176688471225,7.52405382424,0.420739304998,0.0004520578389,2097.09367956
1.406,855,0,0,0,1,0,31.4841932255,57.7526960518,4.84967082331,65.9556489726,91.5101308034,0.174802058318,7.51815236088,0.420739304998,0.000448577856213,2098.67760313
1.407,855,0,0,0,1,0,31.3908346946,57.7595887091,4.84996162645,65.9171959237,91.5489669636,0.176610290915,7.59082938123,0.420739304998,0.000449655873297,2100.25727194
1.408,855,0,0,0,1,0,31.2974418911,57.7663957456,4.85024482722,65.878761534,91.5877899085,0.179348227815,7.67756955186,0.420739304998,0.000450537027239,2101.835487
1.409,855,0,0,0,1,0,31.2039795321,57.7731196316,4.85052052418,65.8403314084,91.6265994962,0.181221627381,7.69362815399,0.420739304998,0.000452599196769,2103.41763862
1.41,855,0,0,0,1,0,31.1105066879,57.7797560379,4.85078853656,65.8019299383,91.665395596,0.185315256648,7.64471553792,0.420739304998,0.000452052017919,2105.00076508
1.411,855,0,0,0,1,0,31.0169644515,57.7863090675,4.85104902679,65.7635330262,91.7041780766,0.179002976635,7.65094294896,0.420739304998,0.000450752897342,2106.58814333
1.412,855,0,0,0,1,0,30.9233883272,57.7927761314,4.85130188751,65.7251553715,91.7429467943,0.177638673614,7.82696360687,0.420739304998,0.000450852451621,2108.17951358
1.413,855,0,0,0,1,0,30.8297665998,57.7991579596,4.8515471439,65.6867922731,91.7817016171,0.175981146107,7.90873411182,0.420739304998,0.000451478457107,2109.77512125
1.414,855,0,0,0,1,0,30.7360934486,57.8054548526,4.8517848032,65.6484414665,91.8204424035,0.175034184453,7.79939256931,0.420739304998,0.000449189820338,2111.37446057
1.415,855,0,0,0,1,0,30.6423748745,57.8116663106,4.85201484221,65.6101055295,91.8591690119,0.173319555854,7.46112010563,0.420739304998,0.000448755393422,2112.9784702
1.416,855,0,0,0,1,0,30.5486109693,57.8177922366,4.85223725321,65.5717846153,91.8978813034,0.170057591333,7.43955335916,0.420739304998,0.000447964261211,2114.58403971
1.417,855,0,0,0,1,0,30.4548018254,57.8238325336,4.85245202847,65.5334788775,91.9365791386,0.171426685303,7.47329621441,0.420739304998,0.000450317522435,2116.18632981
1.418,855,0,0,0,1,0,30.3609297654,57.8297882321,4.85265919948,65.4951812311,91.9752623679,0.171104892071,7.56488963749,0.420739304998,0.000453274342644,2117.78624133
1.419,855,0,0,0,1,0,30.2670482004,57.835655869,4.85285864232,65.4569135658,92.0139308598,0.17157315504,7.62720859411,0.420739304998,0.000452413608555,2119.38327793
1.42,855,0,0,0,1,0,30.1731098258,57.8414383321,4.85305045192,65.4186566934,92.0525844858,0.173094363716,7.83338802739,0.420739304998,0.000449733928421,2120.97824778
1.421,855,0,0,0,1,0,30.0791147237,57.8471355027,4.85323461863,65.3804107871,92.0912230929,0.17379187403,7.97117257238,0.420739304998,0.000449470034311,2122.57369482
1.422,855,0,0,0,1,0,29.9850867152,57.8527458457,4.85341108825,65.3421856567,92.1298465399,0.170161359381,8.0553916465,0.420739304998,0.000450981132985,2124.17130842
1.423,855,0,0,0,1,0,29.8910021557,57.8582706806,4.85357989762,65.3039718075,92.1684546854,0.172278731826,8.05375103365,0.420739304998,0.000452564161314,2125.77735916
1.424,855,0,0,0,1,0,29.7968848894,57.8637085156,4.85374099642,65.2657790419,92.2070473873,0.172337750973,7.96788420873,0.420739304998,0.00045396210471,2127.39363946
1.425,855,0,0,0,1,0,29.7027112499,57.8690606268,4.85389441763,65.2275978742,92.2456245027,0.169487440591,8.01674399642,0.420739304998,0.000452687021823,2129.01575942
1.426,855,0,0,0,1,0,29.6085051045,57.874325566,4.8540401148,65.1894380991,92.2841858884,0.173348589097,7.96228853039,0.420739304998,0.00045165525736,2130.63999443
1.427,855,0,0,0,1,0,29.514242765,57.8795045655,4.85417811703,65.15129024,92.322731401,0.170850238888,7.88854354246,0.420739304998,0.000449831151135,2132.26503313
1.428,855,0,0,0,1,0,29.4199540729,57.8845958997,4.85430837356,65.1131664866,92.3612609001,0.171027658583,7.85901580507,0.420739304998,0.000448168996872,2133.88805504
1.429,855,0,0,0,1,0,29.3256093698,57.8896010839,4.8544309183,65.0750549605,92.399774245,0.173753022787,7.80772968189,0.420739304998,0.000446221443068,2135.50983754
1.43,855,0,0,0,1,0,29.2312206546,57.8945193785,4.85454572712,65.0369606397,92.4382712855,0.176616289676,7.70721697928,0.420739304998,0.000446512788752,2137.13394026
1.431,855,0,0,0,1,0,29.1367880239,57.8993506865,4.85465279234,64.9988836827,92.4767518767,0.173754921179,7.63097089729,0.420739304998,0.000449545387248,2138.758855
1.432,855,0,0,0,1,0,29.0422936868,57.9040958092,4.85475212506,64.9608170536,92.5152158641,0.175345956999,7.50631421722,0.420739304998,0.000449352185947,2140.3841874
1.433,855,0,0,0,1,0,28.9477914116,57.9087519716,4.85484366268,64.9227825151,92.5536631114,0.175558930262,7.5081141457,0.420739304998,0.000447541512871,2142.01093108
1.434,855,0,0,0,1,0,28.8532306003,57.9133215942,4.85492744834,64.8847598028,92.5920934833,0.17827267981,7.42642627652,0.420739304998,0.000445120752699,2143.6387051
1.435,855,0,0,0,1,0,28.7586202929,57.9178041283,4.85500346473,64.846752693,92.6305068224,0.180019850857,7.50982629794,0.420739304998,0.000442898997157,2145.26803137
1.436,855,0,0,0,1,0,28.6639755159,57.9221987725,4.85507169243,64.8087673402,92.6689029837,0.180049758196,7.68847722986,0.420739304998,0.000442057591781,2146.89621543
1.437,855,0,0,0,1,0,28.5692754588,57.9265063981,4.85513213859,64.7707955163,92.7072818185,0.177938218014,7.91337572459,0.420739304998,0.000443088077954,2148.52312914
1.438,855,0,0,0,1,0,28.4745441254,57.9307258208,4.8551847803,64.7328469675,92.7456431796,0.180816325811,8.00113479364,0.420739304998,0.00044343750652,2150.15152344
1.439,855,0,0,0,1,0,28.3797576985,57.934858009,4.85522962319,64.6949122748,92.7839869191,0.179017377773,7.85436981478,0.420739304998,0.000443839962217,2151.78088323
1.44,855,0,0,0,1,0,28.2849402044,57.9389018229,4.85526664828,64.6570011757,92.8223128891,0.179663516411,7.83234968547,0.420739304998,0.000443200623642,2153.40743326
1.441,855,0,0,0,1,0,28.1900678047,57.9428581866,4.85529585726,64.6191042613,92.8606209409,0.178671739901,7.68217320648,0.420739304998,0.000442724616544,2155.03396633
1.442,855,0,0,0,1,0,28.0951645481,57.9467260046,4.85531723512,64.5812312602,92.8989109253,0.179242394582,7.47174640385,0.420739304998,0.000442472447371,2156.66298771
1.443,855,0,0,0,1,0,28.0002185603,57.9505056795,4.8553307779,64.5433775448,92.9371826988,0.176903816817,7.49301028996,0.420739304998,0.000441344251744,2158.29348988
1.444,855,0,0,0,1,0,27.9052179513,57.9541975806,4.85533647867,64.5055385098,92.9754361046,0.177206189804,7.64815280692,0.420739304998,0.000442119751054,2159.92704926
1.445,855,0,0,0,1,0,27.810186803,57.9578006792,4.85533432836,64.4677238703,93.0136709916,0.175132820249,7.72234516425,0.420739304998,0.000442381880591,2161.56133533
1.446,855,0,0,0,1,0,27.7151012247,57.9613157882,4.8553243188,64.4299242436,93.0518872078,0.175565821393,7.93566431092,0.420739304998,0.000446038588132,2163.19543126
1.447,855,0,0,0,1,0,27.6199853203,57.9647419238,4.85530644487,64.3921493356,93.0900846009,0.175886440002,8.04418211683,0.420739304998,0.0004451654382,2164.82954626
1.448,855,0,0,0,1,0,27.5248211844,57.9680796435,4.85528069607,64.3543921534,93.1282630211,0.178716984745,8.03605207753,0.420739304998,0.000445539509094,2166.46390061
1.449,855,0,0,0,1,0,27.4296149224,57.9713286346,4.8552470659,64.3166552498,93.1664223119,0.178681651452,7.86697646225,0.420739304998,0.000446131126879,2168.09633044
1.45,855,0,0,0,1,0,27.3343696422,57.9744887007,4.85520554805,64.2789399784,93.2045623218,0.179349936487,7.98176508422,0.420739304998,0.00044300646496,2169.73037895
1.451,855,0,0,0,1,0,27.2390764283,57.9775600415,4.85515613072,64.241242937,93.2426828956,0.176426736475,7.91396096286,0.420739304998,0.000441554360693,2171.36429059
1.452,855,0,0,0,1,0,27.1437504199,57.9805420789,4.85509881437,64.2035702366,93.2807838814,0.174138676873,7.92503346058,0.420739304998,0.000440819226667,2172.99783474
1.453,855,0,0,0,1,0,27.0483766803,57.9834351896,4.85503358258,64.1659160966,93.3188651269,0.176027665063,8.01587022318,0.420739304998,0.000439516033691,2174.63532848
1.454,855,0,0,0,1,0,26.9529613297,57.986239089,4.85496043138,64.1282830654,93.3569264746,0.174475270011,8.06883721473,0.420739304998,0.000439530184249,2176.27697901
1.455,855,0,0,0,1,0,26.8575044721,57.9889536805,4.85487935317,64.09067131,93.3949677697,0.169208495797,8.14751804976,0.420739304998,0.000441857583059,2177.92311036
1.456,855,0,0,0,1,0,26.7620062117,57.9915788678,4.85479034037,64.0530809978,93.4329888569,0.166771174486,8.09602479072,0.420739304998,0.000443854351757,2179.57304868
1.457,855,0,0,0,1,0,26.6664666533,57.9941145546,4.85469338538,64.0155122967,93.4709895804,0.167102236393,7.97913740754,0.420739304998,0.000442340059456,2181.22643741
1.458,855,0,0,0,1,0,26.5708859017,57.9965606444,4.85458848065,63.9779653748,93.5089697836,0.164466163101,7.95928210244,0.420739304998,0.000442206404898,2182.87862304
1.459,855,0,0,0,1,0,26.4752700971,57.9989168921,4.85447562571,63.9404427649,93.5469293128,0.165455182291,7.98443118636,0.420739304998,0.000440838991415,2184.52732168
1.46,855,0,0,0,1,0,26.3796072755,58.0011834991,4.85435479877,63.9029398996,93.5848680104,0.165192103453,7.881142374,0.420739304998,0.000440835213799,2186.17129955
1.461,855,0,0,0,1,0,26.2838914975,58.0033604949,4.85422598312,63.8654545968,93.6227857086,0.169483061525,7.8346753953,0.420739304998,0.000437260235009,2187.81484084
1.462,855,0,0,0,1,0,26.188153072,58.0054471023,4.85408921236,63.827998848,93.6606822531,0.171893902655,7.78106657616,0.420739304998,0.000435510979078,2189.46395278
1.463,855,0,0,0,1,0,26.0923739857,58.0074436372,4.85394445456,63.7905657154,93.6985574958,0.174182369953,7.82761587678,0.420739304998,0.000436142789072,2191.1170523
1.464,855,0,0,0,1,0,25.9965482976,58.0093501237,4.85379169252,63.7531530119,93.7364112741,0.181250776739,7.87415274031,0.420739304998,0.000438087143104,2192.76607855
1.465,855,0,0,0,1,0,25.9006821601,58.0111663398,4.85363092786,63.7157632745,93.7742434247,0.187122655756,7.60323559599,0.420739304998,0.000438914903112,2194.41601297
1.466,855,0,0,0,1,0,25.8047817337,58.0128920804,4.85346216369,63.6783990285,93.8120537902,0.185107260324,7.6453652492,0.420739304998,0.000439753977767,2196.06727615
1.467,855,0,0,0,1,0,25.7088289653,58.0145275707,4.85328536001,63.641053376,93.8498422063,0.186135965351,7.79035095157,0.420739304998,0.000437865193065,2197.72045765
1.468,855,0,0,0,1,0,25.6128481844,58.0160723018,4.85310055395,63.6037359156,93.8876085117,0.183446085621,7.69646628531,0.420739304998,0.000437052243731,2199.37440365
1.469,855,0,0,0,1,0,25.5168031473,58.0175267512,4.85290766697,63.5664326985,93.9253525381,0.180393193434,7.59121373364,0.420739304998,0.000437531135183,2201.03092117
1.47,855,0,0,0,1,0,25.420754572,58.0188899168,4.8527068143,63.5291674242,93.9630741302,0.181357911046,7.67063551948,0.420739304998,0.000435868960368,2202.68948312
1.471,855,0,0,0,1,0,25.3246419435,58.0201625747,4.85249786267,63.4919167317,94.0007731323,0.183995055712,7.65325587639,0.420739304998,0.000435909847235,2204.35263423
1.472,855,0,0,0,1,0,25.2285017588,58.0213441358,4.85228088267,63.4546949097,94.0384493749,0.186003857234,7.68056379724,0.420739304998,0.000436213914653,2206.0166851
1.473,855,0,0,0,1,0,25.1323098563,58.0224348025,4.85205581204,63.4174927344,94.076102695,0.188332316805,7.87027857687,0.420739304998,0.00043559026347,2207.67953997
1.474,855,0,0,0,1,0,25.0360906278,58.0234342038,4.85182270011,63.3803197707,94.1137329292,0.189131107778,7.9478348768,0.420739304998,0.000435982448471,2209.33956692
1.475,855,0,0,0,1,0,24.9398320429,58.0243423819,4.851581511,63.3431714894,94.1513399205,0.190690605444,7.9257877864,0.420739304998,0.000435523651781,2210.99696406
1.476,855,0,0,0,1,0,24.8435281347,58.0251592925,4.85133222149,63.3060457257,94.188923501,0.189258053932,7.8925646446,0.420739304998,0.000437932292645,2212.65622633
1.477,855,0,0,0,1,0,24.7471850898,58.0258847829,4.85107483936,63.2689450031,94.2264835025,0.192077098762,7.98049471993,0.420739304998,0.000438949634658,2214.32103517
1.478,855,0,0,0,1,0,24.6508060611,58.0265187375,4.8508093655,63.2318706647,94.264019761,0.19392786909,8.09553987592,0.420739304998,0.000438217465137,2215.99145608
1.479,855,0,0,0,1,0,24.5543820352,58.0270611181,4.85053576709,63.1948193791,94.3015321091,0.191948578652,7.69247755937,0.420739304998,0.000437459630535,2217.6629488
1.48,855,0,0,0,1,0,24.4579222509,58.0275117748,4.85025406233,63.1577948323,94.3390203786,0.18920205764,7.66941184807,0.420739304998,0.000432822446459,2219.33180612
1.481,855,0,0,0,1,0,24.3614237781,58.0278706297,4.84996423514,63.1207960295,94.3764844046,0.188211197167,7.48361773466,0.420739304998,0.000432140501007,2220.9974993
1.482,855,0,0,0,1,0,24.2648928224,58.0281375704,4.8496662969,63.0838254766,94.4139240235,0.184448228642,7.49523101072,0.420739304998,0.000433063151103,2222.66198654
1.483,855,0,0,0,1,0,24.1682990267,58.0283125686,4.84936014462,63.0468717004,94.4513390573,0.181271963415,7.41557283616,0.420739304998,0.00043187160578,2224.32946695
1.484,855,0,0,0,1,0,24.0717034598,58.0283954303,4.8490459651,63.0099581847,94.4887293457,0.182314484573,7.43371665277,0.420739304998,0.000432706346561,2226.00187017
1.485,855,0,0,0,1,0,23.9750452658,58.0283861243,4.84872355363,62.9730617946,94.5260947275,0.185791293187,7.62840758914,0.420739304998,0.000433810971663,2227.68012826
1.486,855,0,0,0,1,0,23.8783611535,58.0282845474,4.84839302387,62.9361966901,94.5634350273,0.185302047616,7.72868261722,0.420739304998,0.00043381195999,2229.3631729
1.487,855,0,0,0,1,0,23.7816359854,58.0280905975,4.84805431705,62.899357224,94.6007500814,0.191816389569,7.74861164211,0.420739304998,0.000433475019591,2231.04908619
1.488,855,0,0,0,1,0,23.6848668204,58.0278041646,4.84770741431,62.862542421,94.6380397148,0.192066922658,7.85304288711,0.420739304998,0.00043257437958,2232.73517696
1.489,855,0,0,0,1,0,23.5880690428,58.027425202,4.84735236328,62.8257582658,94.6753037595,0.193298616957,7.96852423432,0.420739304998,0.00043331848813,2234.41891649
1.49,855,0,0,0,1,0,23.4912213839,58.0269535283,4.84698907791,62.7889968147,94.7125420427,0.190384829645,7.98463520282,0.420739304998,0.000433808896968,2236.09791903
1.491,855,0,0,0,1,0,23.394348407,58.0263891677,4.84661764252,62.7522675272,94.7497543932,0.186778450131,8.08817927683,0.420739304998,0.000434381040287,2237.77351739
1.492,855,0,0,0,1,0,23.2974257716,58.0257318832,4.84623795601,62.7155613105,94.7869406391,0.181941565,8.25426038933,0.420739304998,0.000433801719464,2239.45042556
1.493,855,0,0,0,1,0,23.2004780607,58.0249817461,4.84585010687,62.6788876109,94.824100608,0.183431504927,8.22979305823,0.420739304998,0.000433393858648,2241.13039553
1.494,855,0,0,0,1,0,23.1034809156,58.0241384723,4.84545398985,62.6422373502,94.8612341274,0.183784797738,7.99779958478,0.420739304998,0.000432590923174,2242.81700033
1.495,855,0,0,0,1,0,23.0064589388,58.0232021804,4.84504969761,62.6056199613,94.8983410247,0.181282067626,7.77955395666,0.420739304998,0.000433131070919,2244.51156887
1.496,855,0,0,0,1,0,22.9093877535,58.0221725395,4.84463712076,62.5690263811,94.9354211265,0.178866108024,7.60353595917,0.420739304998,0.000433734177443,2246.21100359
1.497,855,0,0,0,1,0,22.8122919815,58.0210497152,4.84421635615,62.5324660285,94.9724742592,0.181433753218,7.60273757262,0.420739304998,0.000433221988811,2247.91051258
1.498,855,0,0,0,1,0,22.7151594894,58.0198334834,4.8437873444,62.495934459,95.0095002559,0.183886875326,7.85253559722,0.420739304998,0.000432618836805,2249.61042109
1.499,855,0,0,0,1,0,22.6179781302,58.0185235844,4.84335002302,62.4594272553,95.0464989347,0.182982135645,7.9877440634,0.420739304998,0.000431243414921,2251.30888195
1.5,855,0,0,0,1,0,22.5207725545,58.017120255,4.84290449512,62.4229538157,95.0834701207,0.180616467744,8.13567800032,0.420739304998,0.000432235239456,2253.00474687
1.501,855,0,0,0,1,0,22.4235275472,58.0156231884,4.84245068391,62.3865085593,95.1204136436,0.181779588932,8.44613819325,0.420739304998,0.000434139520017,2254.70073464
1.502,855,0,0,0,1,0,22.326240156,58.0140322346,4.84198856702,62.3500905285,95.1573293218,0.176990058807,8.0331859249,0.420739304998,0.000432862548745,2256.39503665
1.503,855,0,0,0,1,0,22.2289135675,58.0123473411,4.84151815098,62.3137010651,95.1942169734,0.176425295808,7.86575961576,0.420739304998,0.000430782649072,2258.09122778
1.504,855,0,0,0,1,0,22.1315694051,58.0105688011,4.84103953377,62.2773483758,95.2310764309,0.178956473851,7.94227657522,0.420739304998,0.000430675298529,2259.78752531
1.505,855,0,0,0,1,0,22.0341770703,58.0086959654,4.84055255761,62.2410211663,95.2679075206,0.179398244417,7.8884573073,0.420739304998,0.00043273864848,2261.48291301
1.506,855,0,0,0,1,0,21.9367489729,58.0067289649,4.8400572757,62.2047242188,95.3047100569,0.181271101425,8.0218982881,0.420739304998,0.000433461035966,2263.17698977
1.507,855,0,0,0,1,0,21.8392852346,58.0046677061,4.83955368081,62.1684577184,95.3414838611,0.181103968704,8.14225569843,0.420739304998,0.000432645906371,2264.87076859
1.508,855,0,0,0,1,0,21.7417890539,58.0025121636,4.83904178189,62.132222992,95.3782287559,0.185548468853,8.20187456995,0.420739304998,0.000431782297594,2266.56716688
1.509,855,0,0,0,1,0,21.6442513221,58.0002620369,4.83852152301,62.096016798,95.4149445598,0.184742705883,8.40538988683,0.420739304998,0.000432947893875,2268.26784183
1.51,855,0,0,0,1,0,21.5466813939,57.9979174427,4.83799294597,62.059842753,95.4516310901,0.182977308609,8.07307116782,0.420739304998,0.000434796583339,2269.9679231
1.511,855,0,0,0,1,0,21.4490763147,57.9954782169,4.83745602717,62.0236998991,95.4882881679,0.183923982353,7.94661229069,0.420739304998,0.000432763181099,2271.66810243
1.512,855,0,0,0,1,0,21.3514423699,57.9929444262,4.83691079385,61.9875906979,95.5249156163,0.184541146675,7.86415651992,0.420739304998,0.000429700814458,2273.37215311
1.513,855,0,0,0,1,0,21.2537611945,57.9903154919,4.83635713509,61.9515085055,95.5615132508,0.183886193881,7.74794443226,0.420739304998,0.000428074832809,2275.07599026
1.514,855,0,0,0,1,0,21.1560575701,57.9875919847,4.83579518348,61.9154626176,95.5980808905,0.186369342079,7.56063110287,0.420739304998,0.000429554220801,2276.78140743
1.515,855,0,0,0,1,0,21.0583154369,57.9847733686,4.83522483952,61.8794472414,95.6346183592,0.187530095883,7.40778042753,0.420739304998,0.000431294025936,2278.48657428
1.516,855,0,0,0,1,0,20.9605341456,57.9818595206,4.83464609084,61.8434622895,95.6711254694,0.189455883436,7.51157509406,0.420739304998,0.000431248376782,2280.19224761
1.517,855,0,0,0,1,0,20.8627145896,57.9788503626,4.83405893417,61.8075082429,95.7076020337,0.187770017882,7.46891900838,0.420739304998,0.000431152126262,2281.89673839
1.518,855,0,0,0,1,0,20.7648761897,57.9757464069,4.83346347917,61.7715923691,95.744047876,0.192903738747,7.44873396364,0.420739304998,0.0004297192948,2283.59636446
1.519,855,0,0,0,1,0,20.6669727515,57.9725460765,4.83285943555,61.7356978711,95.7804628035,0.190280606512,7.6132713079,0.420739304998,0.000428054759477,2285.29398303
1.52,855,0,0,0,1,0,20.5690816249,57.9692518183,4.83224727396,61.6998532331,95.8168466425,0.190122719291,7.82404449593,0.420739304998,0.000427545599484,2286.99166201
1.521,855,0,0,0,1,0,20.4711318784,57.9658611697,4.83162654478,61.6640326008,95.8531992227,0.188412563744,7.88182235468,0.420739304998,0.000428099021776,2288.69151082
1.522,855,0,0,0,1,0,20.3731421737,57.9623746502,4.83099735581,61.6282429781,95.8895203411,0.186950704743,7.99617662575,0.420739304998,0.000427697545627,2290.39148571
1.523,855,0,0,0,1,0,20.2751311916,57.958792834,4.83035981964,61.5924913248,95.9258098166,0.187225233421,8.24745839189,0.420739304998,0.000429006023802,2292.08967468
1.524,855,0,0,0,1,0,20.1770805042,57.9551149568,4.82971380905,61.5567710557,95.9620674672,0.188476978787,8.55336990462,0.420739304998,0.000431893524608,2293.79126149
1.525,855,0,0,0,1,0,20.0789995204,57.9513412722,4.82905937788,61.5210857467,95.9982931044,0.188210979282,8.67045777746,0.420739304998,0.000436334109675,2295.49438144
1.526,855,0,0,0,1,0,19.9808728899,57.9474710836,4.82839641507,61.4854299682,96.0344865349,0.189416911677,8.42403483335,0.420739304998,0.000435618883707,2297.19804502
1.527,855,0,0,0,1,0,19.8827286082,57.9435054017,4.82772510213,61.4498140339,96.070647573,0.189028629677,8.13102670836,0.420739304998,0.00043413730716,2298.90632998
1.528,855,0,0,0,1,0,19.7845513234,57.9394435243,4.82704532747,61.4142325,96.1067760403,0.185228446986,8.02226266988,0.420739304998,0.000432867297785,2300.61962778
1.529,855,0,0,0,1,0,19.6863287679,57.935284835,4.82635699723,61.3786810801,96.1428717404,0.181038709259,7.91987623513,0.420739304998,0.000431745721143,2302.33664052
1.53,855,0,0,0,1,0,19.5880858659,57.9310302925,4.82566027819,61.3431689413,96.1789344844,0.18279541523,7.97469713347,0.420739304998,0.000431621637506,2304.05446335
1.531,855,0,0,0,1,0,19.489797945,57.9266787313,4.82495498749,61.3076873108,96.2149640825,0.185136931438,7.88741777487,0.420739304998,0.000431011684231,2305.7720371
1.532,855,0,0,0,1,0,19.3914899466,57.9222311588,4.82424129623,61.2722453388,96.2509603452,0.186880790414,7.92721546827,0.420739304998,0.00042743625526,2307.48541004
1.533,855,0,0,0,1,0,19.2931433896,57.9176866482,4.82351906287,61.2368365012,96.2869230867,0.187374614327,7.89188395683,0.420739304998,0.000424970199755,2309.19519198
1.534,855,0,0,0,1,0,19.1947646099,57.9130453891,4.82278832554,61.2014632333,96.3228521132,0.187360302682,7.93086206269,0.420739304998,0.000424439728627,2310.90744671
1.535,855,0,0,0,1,0,19.0963599502,57.9083075899,4.82204912398,61.1661279552,96.3587472378,0.187143998911,8.00035862149,0.420739304998,0.000425593564256,2312.62053052
1.536,855,0,0,0,1,0,18.9979171208,57.903472562,4.82130135798,61.1308264009,96.3946082692,0.184681993039,7.79874407613,0.420739304998,0.000426062183531,2314.33335886
1.537,855,0,0,0,1,0,18.8994424649,57.8985405139,4.82054506732,61.0955609998,96.4304350115,0.187382829161,7.6700303366,0.420739304998,0.000426377614403,2316.04861184
1.538,854,0,0,0,2,0,18.8131376543,57.8941395271,4.81987144472,61.0646927506,96.4619959439,0.18859917967,7.8973158923,0.420739304998,0.000426424877986,2317.55365522
1.539,854,0,0,0,2,0,18.7023151271,57.8883698138,4.81898782952,61.0250980705,96.4977658328,0.189770951486,8.09008131036,0.420739304998,0.000425791669039,2319.4860506
1.54,854,0,0,0,2,0,18.6037441746,57.883142289,4.81819360398,60.9899372697,96.5334930357,0.191125925943,8.20290529731,0.420739304998,0.000425476476563,2321.20547603
1.541,854,0,0,0,2,0,18.5051543724,57.8778180491,4.8173909272,60.9548178228,96.5691851946,0.188747577004,8.10591135358,0.420739304998,0.000424077471324,2322.92737338
1.542,854,0,0,0,2,0,18.4065303014,57.8723961733,4.81657966656,60.9197343745,96.6048421219,0.187998188859,7.89702371802,0.420739304998,0.000426219430245,2324.65398346
1.543,854,0,0,0,2,0,18.3078565281,57.866875695,4.81575968537,60.8846816096,96.6404636098,0.189263234474,7.77930469209,0.420739304998,0.000424788594702,2326.38391776
1.544,854,0,0,0,2,0,18.2091861174,57.8612595009,4.81493141804,60.849678509,96.6760494738,0.195411741638,7.84468659277,0.420739304998,0.000424190144354,2328.1166324
1.545,854,0,0,0,2,0,18.1104600377,57.8555441428,4.81409436192,60.8147042693,96.7115995255,0.193309943101,7.59332391141,0.420739304998,0.000424012314652,2329.84857126
1.546,854,0,0,0,2,0,18.0117158029,57.8497316832,4.81324882616,60.7797723445,96.7471135615,0.190663235683,7.61419643399,0.420739304998,0.000423500369156,2331.57517632
1.547,854,0,0,0,2,0,17.9129286202,57.8438205655,4.81239459055,60.7448741134,96.7825913862,0.1963905553,7.76028630473,0.420739304998,0.000423178190315,2333.29576167
1.548,854,0,0,0,2,0,17.8141235628,57.8378121927,4.81153186402,60.7100185836,96.8180328037,0.195681958875,7.84373872318,0.420739304998,0.000423905527378,2335.01309708
1.549,854,0,0,0,2,0,17.7152758232,57.8317049589,4.81066042206,60.6751971538,96.8534376172,0.194464204698,8.06776482639,0.420739304998,0.000422818627126,2336.73277829
1.55,854,0,0,0,2,0,17.6164167307,57.8255007088,4.80978053352,60.6404210031,96.8888056334,0.191336579776,8.07265867824,0.420739304998,0.000422644753467,2338.46518557
1.551,854,0,0,0,2,0,17.5175152251,57.8191974017,4.80889191457,60.6056793484,96.9241366591,0.190798199625,7.90221725979,0.420739304998,0.000421414950221,2340.2016501
1.552,854,0,0,0,2,0,17.4185776807,57.8127953284,4.80799461301,60.5709746025,96.9594304841,0.190690339647,7.83019337944,0.420739304998,0.000422610852802,2341.93505819
1.553,854,0,0,0,2,0,17.3196229689,57.8062956187,4.80708879263,60.5363135283,96.9946869143,0.190145425089,7.71835308765,0.420739304998,0.000423304318365,2343.66570915
1.554,854,0,0,0,2,0,17.2206262461,57.7996965434,4.80617421811,60.5016875751,97.0299057508,0.190163531744,7.71573660064,0.420739304998,0.000421528403582,2345.39849139
1.555,854,0,0,0,2,0,17.1216126412,57.7929996804,4.80525111372,60.4671056837,97.0650867945,0.190815939067,7.73383663488,0.420739304998,0.000421246716897,2347.13009784
1.556,854,0,0,0,2,0,17.0225447944,57.7862023931,4.8043191222,60.4325549727,97.1002298374,0.190447626623,7.89937427772,0.420739304998,0.000421388295036,2348.86108974
1.557,854,0,0,0,2,0,16.9234853605,57.7793088953,4.80337882613,60.39805743,97.1353346871,0.191528903258,7.78484243311,0.420739304998,0.000422802465664,2350.5913461
1.558,854,0,0,0,2,0,16.8243844634,57.7723156432,4.80242974632,60.3635958075,97.1704011593,0.190091102715,7.91446551434,0.420739304998,0.000422054204765,2352.32594124
1.559,854,0,0,0,2,0,16.7252422365,57.7652225243,4.80147187403,60.329170335,97.2054290363,0.191565233257,7.83143795517,0.420739304998,0.00041991680134,2354.06118433
1.56,854,0,0,0,2,0,16.6260838473,57.7580312418,4.80050544452,60.2947899038,97.2404181164,0.192965225473,7.85608931508,0.420739304998,0.00042081257357,2355.79416688
1.561,854,0,0,0,2,0,16.5268844035,57.750739893,4.7995302073,60.2604460362,97.2753681977,0.196218648958,7.96570817249,0.420739304998,0.000421891577063,2357.52939941
1.562,854,0,0,0,2,0,16.4276690878,57.7433502314,4.79854640204,60.2261476037,97.3102790783,0.197382538367,7.81211428669,0.420739304998,0.000420275218307,2359.26165169
1.563,854,0,0,0,2,0,16.3284192582,57.7358607773,4.79755383653,60.1918883071,97.3451505597,0.197017079259,7.93891852408,0.420739304998,0.000419733451227,2360.99033409
1.564,854,0,0,0,2,0,16.229144452,57.7282721497,4.79655259799,60.1576715961,97.3799824372,0.193936212054,7.72911692683,0.420739304998,0.000420573416534,2362.71434867
1.565,854,0,0,0,2,0,16.1298416802,57.7205840259,4.79554264866,60.1234965901,97.4147745095,0.190547039757,7.69891398828,0.420739304998,0.000420366236994,2364.44190887
1.566,854,0,0,0,2,0,16.0305079516,57.7127960737,4.79452394996,60.0893624174,97.4495265704,0.19857541963,7.88196990229,0.420739304998,0.000419818748148,2366.17402515
1.567,854,0,0,0,2,0,15.9311481112,57.7049085739,4.79349654354,60.0552708992,97.4842384144,0.197132399243,7.87683347097,0.420739304998,0.000420358680095,2367.90054969
1.568,854,0,0,0,2,0,15.8317575998,57.6969210656,4.79246037424,60.0212206272,97.5189098357,0.197838958114,7.97247283334,0.420739304998,0.000420865613421,2369.6292703
1.569,854,0,0,0,2,0,15.7323444027,57.6888340945,4.79141551756,59.9872144898,97.5535406301,0.198797888309,8.05891539577,0.420739304998,0.000420708304117,2371.35955755
1.57,854,0,0,0,2,0,15.6329008225,57.6806469385,4.79036188482,59.9532500067,97.5881305933,0.201933319078,7.93111083921,0.420739304998,0.000417121600442,2373.08443589
1.571,854,0,0,0,2,0,15.5334301415,57.6723597673,4.78929950265,59.9193284577,97.6226795178,0.197443211415,7.90376605519,0.420739304998,0.00041722230983,2374.81281446
1.572,854,0,0,0,2,0,15.4339348602,57.663972694,4.78822839007,59.8854508478,97.6571871989,0.194714198588,7.71502139379,0.420739304998,0.000418325316485,2376.54393947
1.573,854,0,0,0,2,0,15.3344112,57.6554853034,4.78714849858,59.8516160447,97.6916534301,0.194879442379,7.51120542626,0.420739304998,0.00041724224507,2378.2744838
1.574,854,0,0,0,2,0,15.2348600919,57.6468975749,4.78605983018,59.8178245235,97.7260780031,0.195236361457,7.57809035569,0.420739304998,0.000416051450944,2380.00986998
1.575,853,0,0,0,3,0,15.1418222325,57.6387917342,4.78501967312,59.7862986509,97.7560694111,0.195776928964,7.8010920884,0.434608190248,0.000417040108315,2381.6341627
1.576,853,0,0,0,3,0,15.0356436588,57.6294197678,4.78383452443,59.7503613024,97.7904179127,0.194348752674,7.87495690937,0.434608190248,0.000417625779642,2383.48739786
1.577,853,0,0,0,3,0,14.9360190327,57.620528083,4.78271403548,59.716700132,97.8247196513,0.19313144864,7.95284781267,0.434608190248,0.000420451421254,2385.22237998
1.578,853,0,0,0,3,0,14.8363684809,57.6115358031,4.78158475492,59.6830833659,97.8589789167,0.194735622287,8.97005532333,0.434608190248,0.000421265700769,2386.95510409
1.579,853,0,0,0,3,0,14.7366919059,57.6024428217,4.78044667375,59.6495111276,97.8931955003,0.191599563965,8.39615071862,0.434608190248,0.000418503152217,2388.68793693
1.58,853,0,0,0,3,0,14.6369895056,57.5932490593,4.77929978634,59.6159836406,97.9273691923,0.189603664555,8.29000847503,0.434608190248,0.000418739260346,2390.41699567
1.581,853,0,0,0,3,0,14.5372612815,57.5839544182,4.77814408481,59.5825010628,97.9614997829,0.190524397436,8.12161958876,0.434608190248,0.000418810739277,2392.14763984
1.582,853,0,0,0,3,0,14.4375080714,57.5745588794,4.77697957102,59.5490638322,97.9955870616,0.189045072622,8.28802143194,0.434608190248,0.000421495685009,2393.88498743
1.583,852,0,0,0,3,0,14.4132805276,57.5722510978,4.77668321463,59.5409393155,98.0464801567,0.189195402707,7.9831344852,0.446705003935,0.000420389140998,2394.3081009
1.584,852,0,0,0,3,0,14.2377899073,57.5553777918,4.77457606779,59.4822053292,98.0805322978,0.186553271838,7.74400289615,0.446705003935,0.000418468535079,2397.36820566
1.585,852,0,0,0,3,0,14.1379492164,57.545679394,4.77336872772,59.4489013689,98.1144879912,0.187662326218,7.86805697216,0.446705003935,0.000418443063791,2399.1030746
1.586,852,0,0,0,3,0,14.0380773479,57.5358791067,4.77215246907,59.4156413699,98.148399488,0.19154600465,8.03007193562,0.446705003935,0.000417293358125,2400.83604035
1.587,852,0,0,0,3,0,13.9381862713,57.5259780063,4.77092742967,59.3824294775,98.1822665752,0.193167307296,8.24120919604,0.446705003935,0.000417286132413,2402.5718857
1.588,852,0,0,0,3,0,13.8382658935,57.5159749955,4.76969347794,59.3492624933,98.2160890406,0.194407987567,8.0711635041,0.446705003935,0.00041771266544,2404.30968242
1.589,852,0,0,0,3,0,13.7383203067,57.5058703811,4.76845065609,59.3161419413,98.2498666674,0.195242163389,7.88944437177,0.446705003935,0.000418641774134,2406.04520399
1.59,852,0,0,0,3,0,13.6383504517,57.49566416,4.76719896787,59.2830682931,98.2835992415,0.193192584094,7.81005439034,0.446705003935,0.000416975471463,2407.77929822
1.591,852,0,0,0,3,0,13.5383588481,57.4853564943,4.76593843718,59.2500425381,98.3172865512,0.190616996956,7.63781327066,0.446705003935,0.000415557999263,2409.51223975
1.592,852,0,0,0,3,0,13.4383417051,57.4749468965,4.76466900844,59.2170635822,98.3509283831,0.188237525168,7.40184641692,0.446705003935,0.000414465524972,2411.24718878
1.593,852,0,0,0,3,0,13.3382999648,57.4644353649,4.76339068554,59.1841318985,98.3845245216,0.193342627346,7.33454904378,0.446705003935,0.000413544351323,2412.98420998
1.594,852,0,0,0,3,0,13.2382345706,57.4538219004,4.76210347262,59.1512479581,98.4180747517,0.194801520461,7.308156567,0.446705003935,0.000414863130755,2414.72163198
1.595,852,0,0,0,3,0,13.1381456767,57.4431064221,4.7608073638,59.1184119712,98.4515788578,0.197080259809,7.39559206799,0.446705003935,0.000414656391834,2416.46342778
1.596,852,0,0,0,3,0,13.0380365973,57.4322891903,4.75950239443,59.0856251807,98.4850366262,0.198728262848,7.56224936653,0.446705003935,0.000414810840752,2418.20876482
1.597,852,0,0,0,3,0,12.9379023543,57.4213695711,4.75818849186,59.0528861147,98.5184478408,0.195753139356,7.59704615207,0.446705003935,0.000415242538227,2419.9567696
1.598,852,0,0,0,3,0,12.8377427074,57.4103474366,4.75686564472,59.0201948605,98.5518122815,0.196085085009,7.50971739638,0.446705003935,0.000417547334004,2421.70309561
1.599,852,0,0,0,3,0,12.737561368,57.3992230966,4.75553389407,58.9875527914,98.58512973,0.190559427255,7.38437458852,0.446705003935,0.000418600486178,2423.44025242
1.6,852,0,0,0,3,0,12.6373604694,57.387996695,4.75419326081,58.954960757,98.6183999718,0.192653580122,7.43551005133,0.446705003935,0.000416416227893,2425.17525468
1.601,852,0,0,0,3,0,12.5371346349,57.376667533,4.75284366523,58.9224171683,98.6516227898,0.193713360821,7.38629057323,0.446705003935,0.000416274605676,2426.91175964
1.602,852,0,0,0,3,0,12.4368848118,57.3652356163,4.75148511189,58.8899224987,98.6847979631,0.198823969048,7.38702442368,0.446705003935,0.0004157828627,2428.65209869
1.603,852,0,0,0,3,0,12.3366151119,57.3537013174,4.75011764875,58.8574782411,98.7179252741,0.199017932016,7.45884933009,0.446705003935,0.00041578817376,2430.39461306
1.604,852,0,0,0,3,0,12.2363233207,57.3420642866,4.74874123798,58.8250838368,98.7510045063,0.199019076866,7.62577301097,0.446705003935,0.000416748838877,2432.13609509
1.605,852,0,0,0,3,0,12.1360080138,57.3303242599,4.74735585206,58.7927389891,98.7840354401,0.197428114296,7.45626095337,0.446705003935,0.000415000309835,2433.87542025
1.606,852,0,0,0,3,0,12.0356709325,57.3184813423,4.74596150707,58.7604444231,98.8170178554,0.19836886395,7.23672662221,0.446705003935,0.000414267682554,2435.61860799
1.607,852,0,0,0,3,0,11.9353154027,57.3065358322,4.74455824167,58.7282013666,98.8499515354,0.195364453127,7.11949885706,0.446705003935,0.000413531047293,2437.36390382
1.608,852,0,0,0,3,0,11.8349320826,57.2944865175,4.74314591714,58.6960069842,98.8828362582,0.199672701233,7.05359814102,0.446705003935,0.00041406893543,2439.11011791
1.609,852,0,0,0,3,0,11.7345353866,57.2823350327,4.74172472859,58.6638660586,98.9156718048,0.203367370771,7.18581374508,0.446705003935,0.000412486540574,2440.85784473
1.61,851,0,0,0,3,0,11.664402937,57.2737987614,4.7407301175,58.6414600985,98.9399986272,0.205332563795,7.383948495,0.447619655304,0.000412120734716,2442.07687755
1.611,851,0,0,0,3,0,11.5335687081,57.2577126675,4.7388499081,58.5997061896,98.9727489331,0.204131561622,7.5335340271,0.447619655304,0.000412075176181,2444.35418401
1.612,851,0,0,0,3,0,11.4331118744,57.2452606814,4.73739755676,58.5677287696,99.0054271958,0.202872555557,7.68456326556,0.447619655304,0.000413970889309,2446.10460834
1.613,851,0,0,0,3,0,11.3326343886,57.2327052604,4.73593620753,58.5358031069,99.0380554069,0.203659965828,7.69659856071,0.447619655304,0.000412156312161,2447.85508333
1.614,850,0,0,0,4,0,11.3219966678,57.2313576056,4.73579638226,58.532415543,99.0517219128,0.204300147893,7.69865091669,0.539683046087,0.000413077090584,2448.0394899
1.615,850,0,0,0,4,0,11.1316149949,57.2071810169,4.73301505571,58.4720090626,99.0843168427,0.198298138363,7.42120149045,0.539683046087,0.000413055432435,2451.35311799
1.616,850,0,0,0,4,0,11.0310989461,57.1943153728,4.7315378759,58.4402455984,99.1167949781,0.196468418555,7.23994159771,0.539683046087,0.000412472764189,2453.09820077
1.617,850,0,0,0,4,0,10.9305565504,57.181345173,4.73005158291,58.4085326838,99.1492222194,0.199346984751,7.10737065433,0.539683046087,0.000412514828626,2454.84773173
1.618,850,0,0,0,4,0,10.8299974884,57.1682715663,4.7285563118,58.3768735397,99.1815983403,0.199407121117,7.11079767981,0.539683046087,0.000412638008747,2456.5997139
1.619,850,0,0,0,4,0,10.7294250988,57.1550948995,4.72705210524,58.3452693671,99.2139231238,0.203432887979,7.29855319722,0.539683046087,0.000413866007333,2458.35018926
1.62,850,0,0,0,4,0,10.6288268505,57.1418134341,4.72553876802,58.3137163916,99.2461963453,0.206410456741,7.34514922653,0.539683046087,0.000412877489027,2460.09611621
1.621,850,0,0,0,4,0,10.5282092557,57.1284279268,4.72401638979,58.2822168279,99.2784177754,0.204339322685,7.30576718577,0.539683046087,0.00041334168617,2461.83838404
1.622,850,0,0,0,4,0,10.4275724795,57.1149383029,4.72248496527,58.250770891,99.3105871888,0.205132833867,7.36102718547,0.539683046087,0.000412234163078,2463.57928936
1.623,850,0,0,0,4,0,10.3269198633,57.1013449167,4.7209445378,58.2193797845,99.3427043629,0.206580672338,7.57866080487,0.539683046087,0.000411725044518,2465.32036216
1.624,850,0,0,0,4,0,10.2262420435,57.0876464041,4.71939495603,58.1880407561,99.37476907,0.205359059921,7.68645477886,0.539683046087,0.000410840592059,2467.06054595
1.625,850,0,0,0,4,0,10.1255487163,57.0738439843,4.71783636118,58.1567569925,99.4067810827,0.202427132254,7.60793999805,0.539683046087,0.000410216176204,2468.79976314
1.626,850,0,0,0,4,0,10.0248432272,57.0599380293,4.71626879808,58.1255296837,99.4387401827,0.199350838052,7.60028805501,0.539683046087,0.000409810710606,2470.53991509
1.627,850,0,0,0,4,0,9.92411303114,57.0459267101,4.71469206372,58.0943551038,99.4706461442,0.197237098902,7.40172419239,0.539683046087,0.000410897369661,2472.27834379
1.628,850,0,0,0,4,0,9.82336465135,57.0318108313,4.7131062519,58.0632354447,99.5024987362,0.199897762654,7.19873155564,0.539683046087,0.0004109587642,2474.01280627
1.629,850,0,0,0,4,0,9.7225998454,57.0175905443,4.71151138268,58.0321714116,99.5342977338,0.199099404862,7.23166220807,0.539683046087,0.000410955311775,2475.74607693
1.63,850,0,0,0,4,0,9.62181719172,57.0032655539,4.70990742596,58.0011627284,99.5660429119,0.197773197501,7.25614409415,0.539683046087,0.000410323366297,2477.47896021
1.631,850,0,0,0,4,0,9.52101526832,56.98883556,4.70829435123,57.9702091244,99.5977340429,0.199020716711,7.27586487964,0.539683046087,0.000409294523693,2479.20838445
1.632,850,0,0,0,4,0,9.42019583416,56.9743007165,4.70667217879,57.9393113066,99.6293708991,0.199082792869,7.40872021305,0.539683046087,0.000409204551636,2480.93687141
1.633,850,0,0,0,4,0,9.31935587649,56.9596604897,4.70504085214,57.9084685212,99.6609532514,0.202468968996,7.38371380019,0.539683046087,0.000409584032521,2482.66928141
1.634,850,0,0,0,4,0,9.21850829387,56.9449166624,4.7034005728,57.877684869,99.6924808774,0.205200354329,7.43586877499,0.539683046087,0.000409194040477,2484.40284049
1.635,850,0,0,0,4,0,9.11763734423,56.9300668404,4.70175107728,57.8469557054,99.7239535521,0.206177862241,7.49847023158,0.539683046087,0.000409815965846,2486.13386948
1.636,850,0,0,0,4,0,9.01674956296,56.9151118832,4.7000924642,57.8162831954,99.7553710423,0.206049760255,7.5773356066,0.539683046087,0.000408916300183,2487.85883176
1.637,850,0,0,0,4,0,8.91583875258,56.9000507697,4.6984246234,57.7856656291,99.7867331148,0.206533944084,7.51443590173,0.539683046087,0.000408231120016,2489.57914932
1.638,850,0,0,0,4,0,8.81492418995,56.8848862874,4.69674786635,57.7551090115,99.8180395457,0.208610876742,7.46762702179,0.539683046087,0.00040774232781,2491.29976746
1.639,850,0,0,0,4,0,8.71398693983,56.8696155017,4.69506187129,57.7246077654,99.8492901112,0.206968350349,7.48949337047,0.539683046087,0.000408629569226,2493.01931431
1.64,850,0,0,0,4,0,8.61303354336,56.8542392997,4.69336673924,57.6941640421,99.8804845772,0.20644266406,7.47852972874,0.539683046087,0.000408989125428,2494.73998559
1.641,850,0,0,0,4,0,8.51205780053,56.8387566349,4.69166235784,57.6637761465,99.9116227096,0.205664571983,7.51654007012,0.539683046087,0.00040999234655,2496.46010954
1.642,850,0,0,0,4,0,8.41108537528,56.8231713595,4.68994915373,57.6334519494,99.9427042894,0.203271533312,7.58913205214,0.539683046087,0.000409892749295,2498.17713661
1.643,850,0,0,0,4,0,8.31008457505,56.8074784927,4.68822658205,57.6031820894,99.9737290925,0.20546836263,7.3550076189,0.539683046087,0.000409273844092,2499.89442656
1.644,850,0,0,0,4,0,8.20906194463,56.7916789361,4.68649474509,57.5729687213,100.004696874,0.205938142283,7.20324396108,0.539683046087,0.000407963609936,2501.61104247
1.645,850,0,0,0,4,0,8.10802403217,56.7757736117,4.68475374687,57.5428139787,100.035607401,0.205043957588,7.15302184861,0.539683046087,0.000408019374678,2503.32689838
1.646,850,0,0,0,4,0,8.00699333207,56.7597659881,4.6830039693,57.5127247087,100.066460458,0.207282414442,7.24679650467,0.539683046087,0.00040816832602,2505.0417958
1.647,850,0,0,0,4,0,7.90592856759,56.7436494329,4.68124469014,57.4826887796,100.097255818,0.20304678144,7.15685202394,0.539683046087,0.000408425868191,2506.75667521
1.648,850,0,0,0,4,0,7.80485701913,56.7274281897,4.67947637564,57.4527144812,100.127993242,0.205179091032,7.19572864516,0.539683046087,0.000407760743051,2508.47053937
1.649,850,0,0,0,4,0,7.70376769936,56.7111004048,4.67769882634,57.4227987144,100.158672501,0.202397218272,7.37107956074,0.539683046087,0.000407425852471,2510.18299344
1.65,850,0,0,0,4,0,7.60266237829,56.6946662638,4.67591206532,57.3929421763,100.189293362,0.201092628302,7.23189255655,0.539683046087,0.000407926327389,2511.89565334
1.651,850,0,0,0,4,0,7.50154282705,56.6781259579,4.67411611611,57.3631455584,100.219855591,0.201062760059,7.24159551977,0.539683046087,0.000407862889702,2513.61389665
1.652,850,0,0,0,4,0,7.40040922211,56.6614794208,4.67231097423,57.3334090793,100.250358957,0.199088114467,7.35230911004,0.539683046087,0.00040763410169,2515.3353006
1.653,850,0,0,0,4,0,7.29925535678,56.6447255292,4.67049652071,57.3037310897,100.280803221,0.20006156621,7.52759492402,0.539683046087,0.000407955901035,2517.0591795
1.654,850,0,0,0,4,0,7.19810055988,56.6278673962,4.66867309523,57.2741174178,100.311188156,0.204717675212,7.66698389163,0.539683046087,0.000408412640193,2518.78251841
1.655,850,0,0,0,4,0,7.09691947132,56.6109007004,4.66684023305,57.2445608059,100.34151353,0.202151800747,7.83492024812,0.539683046087,0.000408165550198,2520.50413406
1.656,850,0,0,0,4,0,6.99573781023,56.5938296597,4.66499839246,57.2150689335,100.371779109,0.203900236479,7.88791696878,0.539683046087,0.000408005756203,2522.22051206
1.657,850,0,0,0,4,0,6.89454298443,56.576652068,4.66314733779,57.1856382782,100.401984671,0.20141475143,7.71437210622,0.539683046087,0.00040953166669,2523.93512148
1.658,850,0,0,0,4,0,6.7933223971,56.5593656793,4.66128682991,57.1562653621,100.432129972,0.204406820567,7.70079886805,0.539683046087,0.000409177026445,2525.65122544
1.659,850,0,0,0,4,0,6.69210177847,56.5419747929,4.65941733419,57.1269578184,100.462214779,0.201319035827,7.46721479562,0.539683046087,0.000408652385748,2527.36562288
1.66,850,0,0,0,4,0,6.59085575376,56.5244749548,4.65753837441,57.0977084671,100.492238858,0.203542276862,7.32350285207,0.539683046087,0.000408923455243,2529.08055177
1.661,850,0,0,0,4,0,6.48961006036,56.5068705191,4.65565042065,57.0685249103,100.522201975,0.203678576995,7.19162144344,0.539683046087,0.000408296299034,2530.80005727
1.662,850,0,0,0,4,0,6.38834570883,56.4891580961,4.65375311183,57.0394018318,100.552103902,0.208601484427,7.08567059347,0.539683046087,0.000407104245725,2532.52039677
1.663,850,0,0,0,4,0,6.28706926998,56.4713387342,4.65184656296,57.0103412978,100.581944399,0.212581479944,7.17677749747,0.539683046087,0.00040673414517,2534.23858445
1.664,850,0,0,0,4,0,6.1857745324,56.4534112398,4.64993064901,56.9813417025,100.611723226,0.212271723699,7.11390593773,0.539683046087,0.000407426564589,2535.95032647
1.665,850,0,0,0,4,0,6.08448085558,56.4353789516,4.64800572918,56.9524087458,100.641440153,0.207546715976,7.0688879396,0.539683046087,0.00040604053594,2537.66196762
1.666,850,0,0,0,4,0,5.98317563637,56.4172395452,4.6460715576,56.9235389757,100.671094955,0.205862843042,7.16691066155,0.539683046087,0.000406951047015,2539.37334495
1.667,850,0,0,0,4,0,5.88184626765,56.398990656,4.64412788491,56.8947289856,100.700687386,0.208702066043,7.3046467142,0.539683046087,0.000408198694577,2541.0852599
1.668,850,0,0,0,4,0,5.78051851045,56.3806368295,4.64217519777,56.865986267,100.730217211,0.210380068779,7.30882225687,0.539683046087,0.000408443218901,2542.79484518
1.669,850,0,0,0,4,0,5.67916696634,56.3621733715,4.6402129992,56.8373037825,100.759684194,0.210023478451,7.23676964448,0.539683046087,0.000407926548059,2544.5065798
1.67,850,0,0,0,4,0,5.57781740272,56.3436048822,4.6382417806,56.8086889914,100.7890881,0.205459549742,7.12752399548,0.539683046087,0.000407069513673,2546.2141401
1.671,850,0,0,0,4,0,5.47644441636,56.324926614,4.63626104039,56.7801348884,100.818428693,0.206698970286,7.18336832984,0.539683046087,0.000406256996404,2547.9183892
1.672,850,0,0,0,4,0,5.37508017887,56.3061444076,4.63427140029,56.7516506931,100.847705741,0.20521680646,7.06932951939,0.539683046087,0.000406428954979,2549.62463201
1.673,850,0,0,0,4,0,5.27368008766,56.2872498983,4.63227197676,56.7232240484,100.876919005,0.206414056651,7.00979895113,0.539683046087,0.000405739623163,2551.33131332
1.674,850,0,0,0,4,0,5.1722891177,56.2682513666,4.6302636486,56.6948677398,100.906068244,0.202551165947,7.05078405076,0.539683046087,0.000405238918973,2553.03436266
1.675,850,0,0,0,4,0,5.07088825802,56.249145177,4.62824603352,56.6665765881,100.935153239,0.203523209049,7.23777379195,0.539683046087,0.00040584466676,2554.73365813
1.676,850,0,0,0,4,0,4.96947129351,56.2299300586,4.62621899984,56.6383490364,100.964173748,0.205914315883,7.45988890771,0.539683046087,0.000404726105346,2556.43125613
1.677,850,0,0,0,4,0,4.86804480999,56.2106071594,4.62418267119,56.6101870945,100.993129531,0.200729421513,7.56069396954,0.539683046087,0.000405454393273,2558.12931914
1.678,850,0,0,0,4,0,4.76660259192,56.1911751956,4.62213691479,56.5820892137,101.022020347,0.198811532423,7.5541902904,0.539683046087,0.000403516013391,2559.82337267
1.679,850,0,0,0,4,0,4.66516403177,56.1716377958,4.62008211487,56.5540609227,101.050845965,0.19665164458,7.40554166873,0.539683046087,0.000403375201303,2561.51823407
1.68,850,0,0,0,4,0,4.56371651294,56.1519924506,4.61801800962,56.5260988829,101.079606159,0.197934774769,7.50552176496,0.539683046087,0.000404895216849,2563.21463886
1.681,850,0,0,0,4,0,4.46224741584,56.1322366101,4.61594433373,56.4981998027,101.108300681,0.195324510994,7.67137887618,0.539683046087,0.000405392055258,2564.90855272
1.682,850,0,0,0,4,0,4.36078254196,56.1123752054,4.61386160709,56.4703709435,101.136929294,0.188749707936,7.78751343565,0.539683046087,0.000405699735165,2566.60364713
1.683,850,0,0,0,4,0,4.25929646338,56.0924031664,4.61176930039,56.4426054982,101.165491763,0.186448168852,7.7876374101,0.539683046087,0.000406237797646,2568.29901316
1.684,850,0,0,0,4,0,4.15781498661,56.0723254794,4.60966793831,56.4149106942,101.193987849,0.185148098461,7.62066381822,0.539683046087,0.000406756238929,2569.99359298
1.685,850,0,0,0,4,0,4.05629986917,56.0521344726,4.60755672046,56.3872762819,101.222417306,0.189414167929,7.48851640233,0.539683046087,0.000406669308404,2571.6871591
1.686,850,0,0,0,4,0,3.95481535668,56.0318428455,4.60543697676,56.3597198974,101.250779907,0.189205670005,7.34594420801,0.539683046087,0.000404416164989,2573.38054031
1.687,850,0,0,0,4,0,3.85329757919,56.0114377488,4.60330736696,56.3322243449,101.279075427,0.192877442303,7.45666515432,0.539683046087,0.000405116141816,2575.07208015
1.688,850,0,0,0,4,0,3.75178516474,55.9909268415,4.6011686929,56.3048002734,101.307303619,0.193012858077,7.41207116237,0.539683046087,0.000406105766761,2576.7591669
1.689,850,0,0,0,4,0,3.65026549048,55.9703074946,4.59902068248,56.2774444198,101.335464255,0.191153061172,7.53289302296,0.539683046087,0.000406996702365,2578.4432525
1.69,850,0,0,0,4,0,3.54873233905,55.9495783469,4.59686319627,56.2501552856,101.363557093,0.193008829953,7.52117503,0.539683046087,0.000406152287583,2580.1279305
1.691,850,0,0,0,4,0,3.44719551302,55.9287413047,4.59469643497,56.2229356772,101.391581893,0.194656520779,7.55974098305,0.539683046087,0.000405423821492,2581.81081435
1.692,850,0,0,0,4,0,3.34564559096,55.9077943397,4.59252018996,56.1957832408,101.419538415,0.193850946521,7.315719482,0.539683046087,0.000404956176597,2583.49458208
1.693,850,0,0,0,4,0,3.24409237745,55.8867393796,4.59033466377,56.1687007698,101.447426417,0.19430241162,7.33750109297,0.539683046087,0.000404839329538,2585.17735672
1.694,850,0,0,0,4,0,3.14252645054,55.8655743762,4.58813964609,56.1416859231,101.475245659,0.199101093375,7.32615326651,0.539683046087,0.000405116372071,2586.8563452
1.695,850,0,0,0,4,0,3.04096723168,55.8443032924,4.58593554997,56.1147440232,101.502995909,0.201709554426,7.49735891519,0.539683046087,0.000404752346295,2588.53520521
1.696,850,0,0,0,4,0,2.93940209445,55.8229234062,4.5837220953,56.0878718667,101.530676939,0.199970394624,7.70548761988,0.539683046087,0.000404631171768,2590.21550196
1.697,850,0,0,0,4,0,2.8378184105,55.8014319547,4.58149899846,56.0610662991,101.558288501,0.198701553426,7.83833137673,0.539683046087,0.000405277393352,2591.89621504
1.698,850,0,0,0,4,0,2.73624201599,55.7798343132,4.57926681765,56.0343343046,101.585830357,0.198463283974,7.76039594867,0.539683046087,0.000405323438089,2593.57250798
1.699,850,0,0,0,4,0,2.63465387192,55.7581263496,4.57702512784,56.0076710287,101.613302273,0.197220360349,7.64623765088,0.539683046087,0.000405160192195,2595.24700756
1.7,850,0,0,0,4,0,2.53306058346,55.736309378,4.574774067,55.9810783816,101.640704007,0.199253510755,7.74841850255,0.539683046087,0.000404057892238,2596.91795319
1.701,850,0,0,0,4,0,2.43146555106,55.7143840417,4.57251370357,55.9545574144,101.668035325,0.202520994431,7.63623305671,0.539683046087,0.000404634196972,2598.57911404
1.702,850,0,0,0,4,0,2.32985935138,55.6923482134,4.57024382043,55.9281058386,101.695295985,0.204731166685,7.45918043278,0.539683046087,0.000404264827634,2600.23934449
1.703,850,0,0,0,4,0,2.22825821049,55.6702053252,4.56796477318,55.9017280392,101.722485753,0.204676555364,7.52376733288,0.539683046087,0.000402177304154,2601.89716223
1.704,850,0,0,0,4,0,2.12663987967,55.6479504349,4.56567605531,55.8754184112,101.749604389,0.206034007887,7.38537220561,0.539683046087,0.0004016026278,2603.55495349
1.705,850,0,0,0,4,0,2.02503020625,55.6255891132,4.56337824182,55.8491838124,101.776651656,0.208230910299,7.37702340799,0.539683046087,0.000401528100266,2605.21501879
1.706,849,0,0,0,5,0,1.95933243723,55.6110607207,4.56188552817,55.8322474709,101.780747712,0.209640861996,7.43273554458,0.552136387452,0.000402084658935,2606.2890669
1.707,849,0,0,0,5,0,1.8217667948,55.5805019587,4.55875050668,55.7968927308,101.807676387,0.207101308011,7.49619561114,0.552136387452,0.000403263589665,2608.52561843
1.708,849,0,0,0,5,0,1.72015434172,55.5578212224,4.55642552028,55.7708834739,101.834501562,0.209121180727,7.5217413776,0.552136387452,0.000404991771119,2610.17911913
1.709,849,0,0,0,5,0,1.61855133207,55.5350339246,4.55409143226,55.7449499972,101.861254476,0.207274999805,7.45801583092,0.552136387452,0.000405940397157,2611.83990603
1.71,849,0,0,0,5,0,1.51694513835,55.5121371578,4.55174794663,55.7190892222,101.887934903,0.207309441565,7.46065631656,0.552136387452,0.000404577391092,2613.50119374
1.711,849,0,0,0,5,0,1.4153295453,55.4891294256,4.54939491238,55.6932997424,101.914542602,0.209048075546,7.35574018997,0.552136387452,0.000404223036498,2615.1585036
1.712,849,0,0,0,5,0,1.31371116402,55.4660121289,4.54703247494,55.6675834112,101.94107733,0.206143801832,7.27601667766,0.552136387452,0.00040479360847,2616.81374524
1.713,849,0,0,0,5,0,1.2120837796,55.4427837584,4.54466048219,55.641938831,101.967538844,0.204221603158,7.31055075737,0.552136387452,0.000405391897034,2618.46602037
1.714,849,0,0,0,5,0,1.11046683138,55.4194486754,4.54227938139,55.6163710614,101.993926913,0.204224205468,7.45918364647,0.552136387452,0.000405632791239,2620.11662898
1.715,849,0,0,0,5,0,1.0088348642,55.3960009458,4.53988856905,55.5908738625,102.020241301,0.207419996608,7.51359449613,0.552136387452,0.000404271319634,2621.76474099
1.716,849,0,0,0,5,0,0.907213732505,55.3724464465,4.53748864636,55.5654538849,102.046481771,0.205947401454,7.61030205106,0.552136387452,0.000404728218643,2623.41080413
1.717,849,0,0,0,5,0,0.805577980741,55.3487791887,4.53507900514,55.5401049256,102.072648085,0.205537683464,7.55758933835,0.552136387452,0.000403800532307,2625.05554903
1.718,849,0,0,0,5,0,0.703953464974,55.3250051056,4.53266025143,55.5148335976,102.098740007,0.207322653777,7.54699495253,0.552136387452,0.00040446459211,2626.69699717
1.719,849,0,0,0,5,0,0.602327557763,55.3011211688,4.53023207888,55.4896369037,102.124757312,0.208622811343,7.58031042275,0.552136387452,0.000404780251141,2628.33271291
1.72,849,0,0,0,5,0,0.500687631468,55.2771243091,4.52779417763,55.4645118982,102.150699751,0.210106132835,7.59305322597,0.552136387452,0.000405542026819,2629.9603203
1.721,849,0,0,0,5,0,0.399061147772,55.2530209243,4.52534719957,55.4394655307,102.17656709,0.20701524784,7.40386402842,0.552136387452,0.000404227685045,2631.58553544
1.722,849,0,0,0,5,0,0.297417840262,55.2288037466,4.52289040885,55.4144905084,102.202359091,0.206588261385,7.21790409813,0.552136387452,0.000403811936445,2633.21170161
1.723,849,0,0,0,5,0,0.195791586085,55.2044807621,4.52042461753,55.3895953161,102.228075518,0.203151861859,7.21823222959,0.552136387452,0.000403139667508,2634.83146815
1.724,849,0,0,0,5,0,0.0941553263007,55.180045416,4.51794916291,55.3647734753,102.253716142,0.204359566712,7.08421779674,0.552136387452,0.000404328454309,2636.45155439
1.725,849,0,0,0,5,0,-0.00748432225267,55.1554991982,4.51546419806,55.3400267866,102.279280716,0.204361192032,7.14966008286,0.552136387452,0.000404710737184,2638.06981822
1.726,849,0,0,0,5,0,-0.109114327939,55.1308451761,4.51297003529,55.3153585752,102.30476901,0.205313237145,7.34156946835,0.552136387452,0.000405597920203,2639.68777111
1.727,849,0,0,0,5,0,-0.210750523695,55.1060794256,4.51046627948,55.2907651557,102.33018079,0.205486685355,7.38415698353,0.552136387452,0.000403797666334,2641.30340503
1.728,849,0,0,0,5,0,-0.312386291669,55.0812034659,4.50795308621,55.2662483028,102.355515814,0.20452471338,7.58274572487,0.552136387452,0.000404076549439,2642.9195495
1.729,849,0,0,0,5,0,-0.414021428109,55.0562172604,4.50543045367,55.2418082284,102.380773846,0.207870228763,7.54707364129,0.552136387452,0.000403471121549,2644.53477988
1.73,849,0,0,0,5,0,-0.515655728945,55.0311207732,4.50289838012,55.2174451438,102.405954651,0.209106169024,7.42310654086,0.552136387452,0.000403861600512,2646.15142255
1.731,849,0,0,0,5,0,-0.617288989794,55.0059139687,4.50035686382,55.1931592603,102.431057992,0.208040622474,7.21804224049,0.552136387452,0.000403675469779,2647.77431044
1.732,849,0,0,0,5,0,-0.718921005959,54.9805968119,4.49780590312,55.1689507889,102.456083634,0.210413388535,6.91708393713,0.552136387452,0.000403136732195,2649.39491385
1.733,849,0,0,0,5,0,-0.820545158382,54.9551708729,4.49524565797,55.1448214573,102.481031348,0.21416535363,6.99255778887,0.552136387452,0.00040246508714,2651.01402401
1.734,849,0,0,0,5,0,-0.922180483793,54.9296312963,4.49267564142,55.1207669179,102.505900894,0.212806327774,7.08844805375,0.552136387452,0.000402461586239,2652.63357993
1.735,848,0,0,0,5,0,-0.98911507342,54.9127988142,4.49096710115,55.1050143611,102.530827618,0.215064139825,7.22531588852,0.539529121618,0.000401955957432,2653.69427397
1.736,848,0,0,0,5,0,-1.12554348017,54.8782252064,4.4875056433,55.0728985694,102.55556608,0.207113009689,7.48623652531,0.539529121618,0.000400815397454,2655.85686708
1.737,848,0,0,0,5,0,-1.22716782986,54.852360526,4.48491772325,55.0490861245,102.580193597,0.209539889607,7.70021831911,0.539529121618,0.00040169109722,2657.46388975
1.738,848,0,0,0,5,0,-1.32878969995,54.8263852928,4.48232034962,55.0253523574,102.604742001,0.211759892086,7.55653521931,0.539529121618,0.000401366665635,2659.06629563
1.739,848,0,0,0,5,0,-1.43040888358,54.800299475,4.47971352103,55.001697477,102.629211059,0.213192254098,7.31258172256,0.539529121618,0.000401977265221,2660.66885134
1.74,848,0,0,0,5,0,-1.53202517359,54.7741030414,4.47709723612,54.9781216921,102.653600537,0.214908157707,7.289378668,0.539529121618,0.000401896480472,2662.27058886
1.741,848,0,0,0,5,0,-1.63363194957,54.7477976215,4.47447165928,54.9546266877,102.677910209,0.216097093985,7.06931775784,0.539529121618,0.000401817052005,2663.87504155
1.742,848,0,0,0,5,0,-1.7352418297,54.7213798645,4.47183645782,54.9312097062,102.702139842,0.218550411417,7.23479935623,0.539529121618,0.000400902264245,2665.47409325
1.743,848,0,0,0,5,0,-1.83684819297,54.6948514008,4.46919179623,54.9078724442,102.726289196,0.218533278087,7.260167195,0.539529121618,0.000401572116131,2667.06585561
1.744,847,0,0,0,6,0,-1.83856403743,54.6944254777,4.46913628834,54.9075010834,102.754505583,0.219040720631,7.23667231373,0.590692552549,0.000401738394845,2667.09291169
1.745,847,0,0,0,6,0,-2.04012754539,54.641402268,4.46390557266,54.8613836426,102.778562,0.215548665587,7.30990541676,0.590692552549,0.000401412991607,2670.24730897
1.746,847,0,0,0,6,0,-2.14174874645,54.6145579379,4.46125885792,54.8383064749,102.802443902,0.215713906103,7.38533843231,0.590692552549,0.000401369262813,2671.8304108
1.747,847,0,0,0,6,0,-2.243343152,54.5876087225,4.4586032636,54.8153149913,102.826244552,0.215291333466,7.15363804642,0.590692552549,0.000400669990349,2673.41083855
1.748,847,0,0,0,6,0,-2.3449329961,54.5605486658,4.45593820408,54.7924042797,102.849963741,0.210872909764,7.29606891467,0.590692552549,0.000401311022874,2674.99397801
1.749,847,0,0,0,6,0,-2.44651806895,54.5333777411,4.45326367837,54.7695745456,102.873601238,0.209509390428,7.69029286894,0.590692552549,0.000401474338115,2676.5800834
1.75,847,0,0,0,6,0,-2.54812380553,54.5060890345,4.45057900788,54.7468202754,102.897156788,0.210343194658,7.44231577062,0.590692552549,0.000402000426947,2678.15947168
1.751,847,0,0,0,6,0,-2.64968588343,54.4786997531,4.4478858869,54.7241560094,102.920630173,0.211955971363,7.49666595066,0.590692552549,0.000402603233107,2679.73182978
1.752,847,0,0,0,6,0,-2.75126179144,54.4511943327,4.44518278635,54.7015690424,102.944021182,0.212200808143,7.78794027533,0.590692552549,0.000402047408666,2681.2919452
1.753,847,0,0,0,6,0,-2.8528320858,54.423577935,4.44247021539,54.679063889,102.967329567,0.208038154378,7.83689178693,0.590692552549,0.000402917427465,2682.85486569
1.754,847,0,0,0,6,0,-2.95439655528,54.3958505359,4.43974817324,54.6566407527,102.990555097,0.210116948632,8.12519892469,0.590692552549,0.000403275647536,2684.41778773
1.755,847,0,0,0,6,0,-3.05595178362,54.36801299,4.43701674534,54.634300539,103.013697549,0.211298832859,7.64029166027,0.590692552549,0.000406041644693,2685.98177493
1.756,847,0,0,0,6,0,-3.15750076399,54.3400643992,4.43427584509,54.6120427402,103.036756695,0.212586159852,7.66203966375,0.590692552549,0.000402872467086,2687.53903117
1.757,847,0,0,0,6,0,-3.25904648868,54.3120038552,4.43152538504,54.5898668621,103.059732305,0.212186321146,7.3375880529,0.590692552549,0.000401533525157,2689.09495639
1.758,847,0,0,0,6,0,-3.36058554083,54.2838322178,4.42876545108,54.5677738124,103.082624149,0.215377749248,7.14738035501,0.590692552549,0.000401117410903,2690.6459686
1.759,847,0,0,0,6,0,-3.46212411565,54.2555476803,4.42599586785,54.5457624101,103.105431993,0.216024928252,7.19818945093,0.590692552549,0.000399969017374,2692.19262559
1.76,847,0,0,0,6,0,-3.56364277722,54.2271555834,4.42321715978,54.5238370124,103.128155617,0.214348283965,7.13445030121,0.590692552549,0.000400045776925,2693.73994997
1.761,847,0,0,0,6,0,-3.66516053501,54.1986505376,4.42042880084,54.5019936574,103.150794799,0.215238185024,7.32082320268,0.590692552549,0.000399157439863,2695.28930974
1.762,847,0,0,0,6,0,-3.76667076825,54.1700343147,4.41763096598,54.4802339356,103.173349308,0.214055882213,7.27371774949,0.590692552549,0.000399690643599,2696.83306841
1.763,847,0,0,0,6,0,-3.86817326325,54.141306895,4.41482365481,54.4585580474,103.195818918,0.213499227261,7.27962137746,0.590692552549,0.000400755702256,2698.37642622
1.764,847,0,0,0,6,0,-3.96966140063,54.1124700796,4.41200704477,54.4369675488,103.218203409,0.208070966256,7.33448390215,0.590692552549,0.000401081070748,2699.91819618
1.765,847,0,0,0,6,0,-4.07114777713,54.0835202097,4.40918078001,54.415459914,103.240502555,0.209395994703,7.26415502436,0.590692552549,0.000402647546372,2701.4557033
1.766,847,0,0,0,6,0,-4.17262577286,54.0544590875,4.40634503804,54.3940367106,103.262716124,0.212740178695,7.21747713919,0.590692552549,0.000400968998767,2702.98579064
1.767,847,0,0,0,6,0,-4.27409517309,54.0252866952,4.40349981867,54.3726981371,103.28484389,0.209948234176,7.12564335587,0.590692552549,0.000401779713044,2704.51342177
1.768,847,0,0,0,6,0,-4.37555576288,53.9960030161,4.40064512173,54.3514443915,103.30688563,0.206313637341,7.50789417365,0.590692552549,0.000402575521904,2706.03572558
1.769,847,0,0,0,6,0,-4.47700332528,53.9666091932,4.39778106009,54.3302765025,103.328841122,0.207814685426,7.68052613507,0.590692552549,0.000403116643263,2707.55400855
1.77,847,0,0,0,6,0,-4.57844484801,53.9371031243,4.39490743039,54.3091931627,103.350710142,0.212380553573,7.81753386322,0.590692552549,0.000402973470966,2709.0700783
1.771,847,0,0,0,6,0,-4.67987771418,53.9074854881,4.39202430026,54.2881950752,103.372492463,0.212160688821,7.84179198772,0.590692552549,0.000404188625863,2710.5864952
1.772,847,0,0,0,6,0,-4.7812993073,53.8777569715,4.38913173802,54.2672829314,103.394187863,0.217362574373,7.70688731467,0.590692552549,0.000402897240142,2712.09943084
1.773,847,0,0,0,6,0,-4.882719012,53.8479147389,4.38622946932,54.2464549591,103.415796111,0.218474994968,7.65591996712,0.590692552549,0.000402224149874,2713.61191114
1.774,847,0,0,0,6,0,-4.98411581119,53.8179649025,4.38331808998,54.2257156167,103.437316991,0.21853881706,7.61342226514,0.590692552549,0.000401904462729,2715.12116993
1.775,847,0,0,0,6,0,-5.08550548839,53.7879027339,4.38039714168,54.2050618088,103.458750291,0.218200530516,7.4392571019,0.590692552549,0.000402589100576,2716.63005403
1.776,847,0,0,0,6,0,-5.18689102524,53.7577272612,4.37746653157,54.1844930956,103.480095778,0.21537074137,7.32423805311,0.590692552549,0.000402943383204,2718.13934558
1.777,847,0,0,0,6,0,-5.28825940777,53.7274422811,4.37452662981,54.1640122671,103.501353234,0.215546893945,7.4311267731,0.590692552549,0.000401107388451,2719.6451388
1.778,847,0,0,0,6,0,-5.38961841625,53.6970453981,4.37157720523,54.1436178918,103.522522441,0.211577004055,7.27697501919,0.590692552549,0.000402787293864,2721.14663742
1.779,847,0,0,0,6,0,-5.4909662336,53.666537079,4.36861830458,54.1233104874,103.543603178,0.212617689906,7.2739454843,0.590692552549,0.00040248943007,2722.64496424
1.78,847,0,0,0,6,0,-5.5923034414,53.6359170719,4.36564990484,54.1030900875,103.564595226,0.208681160583,7.41402979068,0.590692552549,0.000401647452145,2724.13863087
1.781,847,0,0,0,6,0,-5.69362902203,53.6051856075,4.36267202983,54.0829570447,103.585498364,0.206852524326,7.2143848951,0.590692552549,0.000400127294218,2725.6228402
1.782,847,0,0,0,6,0,-5.7949435564,53.5743424334,4.35968465648,54.062911393,103.606312375,0.209237220248,7.29074088604,0.590692552549,0.000399897294842,2727.10087692
1.783,847,0,0,0,6,0,-5.89624442827,53.5433882714,4.35668785612,54.0429537962,103.627037042,0.21518456599,7.44608038811,0.590692552549,0.000400150625676,2728.58003748
1.784,847,0,0,0,6,0,-5.99753341694,53.5123225043,4.35368157036,54.0230840484,103.647672148,0.213373113071,7.58981593703,0.590692552549,0.000400774630708,2730.05985623
1.785,847,0,0,0,6,0,-6.09881030329,53.4811451235,4.35066579979,54.003302341,103.668217476,0.212672439747,7.57183573444,0.590692552549,0.000400544700532,2731.53905109
1.786,847,0,0,0,6,0,-6.20007446859,53.4498562445,4.34764055696,53.9836089418,103.688672809,0.215882244784,7.5612059444,0.590692552549,0.000402533986676,2733.0135602
1.787,847,0,0,0,6,0,-6.30132569339,53.4184558608,4.34460584263,53.9640040395,103.709037931,0.215109840789,7.66111323503,0.590692552549,0.000400261162889,2734.4863736
1.788,847,0,0,0,6,0,-6.40256375805,53.3869439665,4.34156165759,53.944487822,103.729312626,0.2201202384,7.69978263569,0.590692552549,0.00040153203046,2735.95388339
1.789,847,0,0,0,6,0,-6.50378844269,53.3553205561,4.33850800268,53.925060477,103.749496681,0.224029138085,7.69023854812,0.590692552549,0.000401489237218,2737.41735449
1.79,847,0,0,0,6,0,-6.60499952724,53.323585625,4.33544487882,53.9057221912,103.769589881,0.22480119859,7.80908025517,0.590692552549,0.000400435839603,2738.87816385
1.791,847,0,0,0,6,0,-6.70619679141,53.2917391688,4.33237228694,53.8864731512,103.789592012,0.223036258565,7.59243082541,0.590692552549,0.000402043243705,2740.33480938
1.792,847,0,0,0,6,0,-6.80738001472,53.259781184,4.32929022804,53.8673135427,103.809502859,0.221579592467,7.53567677661,0.590692552549,0.0004002053067,2741.78646584
1.793,847,0,0,0,6,0,-6.9085485774,53.2277117939,4.32619871536,53.8482436258,103.829322211,0.222462096138,7.63606373662,0.590692552549,0.000402363150056,2743.23146885
1.794,847,0,0,0,6,0,-7.00970305668,53.195530743,4.3230977256,53.8292634347,103.849049855,0.220827109407,7.39828978969,0.590692552549,0.000400086057683,2744.67702582
1.795,847,0,0,0,6,0,-7.11084283238,53.1632381559,4.3199872721,53.810373229,103.868685579,0.219043180105,7.37538312706,0.590692552549,0.000398978970916,2746.12502976
1.796,847,0,0,0,6,0,-7.21196768321,53.1308340313,4.31686735605,53.7915731923,103.888229174,0.217227502378,7.39638971904,0.590692552549,0.000401163500078,2747.57346235
1.797,847,0,0,0,6,0,-7.31307738768,53.0983183685,4.31373797871,53.7728635074,103.907680429,0.215982880535,7.52603508208,0.590692552549,0.000399277753087,2749.0147862
1.798,847,0,0,0,6,0,-7.41417172409,53.0656911671,4.31059914135,53.7542443566,103.927039135,0.214913900861,7.68936322844,0.590692552549,0.000400200715138,2750.44333321
1.799,847,0,0,0,6,0,-7.51525047057,53.0329524276,4.30745084533,53.7357159216,103.946305085,0.220465048722,7.67942760962,0.590692552549,0.000399974435083,2751.87620634
1.8,847,0,0,0,6,0,-7.61631340503,53.000102151,4.30429309204,53.7172783835,103.965478068,0.216963662375,7.44987868438,0.590692552549,0.000400055841979,2753.31007067
1.801,847,0,0,0,6,0,-7.71736030524,52.9671403389,4.30112588293,53.6989319226,103.984557878,0.217285898737,7.64080532156,0.590692552549,0.000400257578262,2754.74163802
1.802,847,0,0,0,6,0,-7.81839094873,52.9340669934,4.29794921949,53.6806767188,104.003544308,0.214282990785,7.56542263255,0.590692552549,0.000399921480799,2756.16983647
1.803,847,0,0,0,6,0,-7.91940471445,52.9008822482,4.29476311585,53.6625130225,104.022437149,0.217389100617,7.6592699386,0.590692552549,0.000398857052695,2757.59945817
1.804,846,0,0,0,7,0,-8.00557481103,52.8725090329,4.29198948294,53.6471118813,104.056209787,0.22093404788,7.92350270505,0.598742222949,0.000400940212017,2758.82167622
1.805,846,0,0,0,7,0,-8.12147439963,52.834173415,4.28832644577,53.6264670715,104.074922113,0.225182606313,7.65625505183,0.598742222949,0.000402120577987,2760.45086047
1.806,846,0,0,0,7,0,-8.22245480778,52.8006553605,4.28512494352,53.6085838775,104.093524809,0.228043837233,7.58989814545,0.598742222949,0.000399965380254,2761.86453246
1.807,846,0,0,0,7,0,-8.32341824234,52.7670256598,4.2819139826,53.5907928246,104.112033046,0.23113165134,7.56081259476,0.598742222949,0.000400990105742,2763.27724967
1.808,846,0,0,0,7,0,-8.4243632851,52.7332847169,4.27869360281,53.5730942988,104.13044662,0.235094169991,7.52418523407,0.598742222949,0.000399065490441,2764.68665984
1.809,846,0,0,0,7,0,-8.52529090697,52.6994321394,4.2754637679,53.5554882649,104.148765329,0.233777930188,7.05000877001,0.598742222949,0.000401050210857,2766.09195095
1.81,846,0,0,0,7,0,-8.62620028688,52.6654681342,4.27222449886,53.5379750023,104.166988972,0.231427149573,6.90026151043,0.598742222949,0.000399034376538,2767.49378455
1.811,846,0,0,0,7,0,-8.72709159883,52.6313925749,4.26897578483,53.5205546159,104.185117349,0.232949416724,6.93248260717,0.598742222949,0.000399065210976,2768.8905697
1.812,846,0,0,0,7,0,-8.82796461857,52.5972054692,4.26571762775,53.5032272798,104.203150258,0.23035349148,6.85097753309,0.598742222949,0.000399303777212,2770.28421429
1.813,846,0,0,0,7,0,-8.92881872384,52.5629069606,4.26245004251,53.4859932348,104.2210875,0.229122571471,6.94982238154,0.598742222949,0.000399125372739,2771.67480659
1.814,846,0,0,0,7,0,-9.02965349135,52.5284971269,4.2591730377,53.4688526859,104.238928877,0.22885886619,7.03453842405,0.598742222949,0.000399582383036,2773.06549863
1.815,846,0,0,0,7,0,-9.13046949191,52.4939757065,4.2558865896,53.451805669,104.256674192,0.231586639919,7.01530139124,0.598742222949,0.000400558135752,2774.45925021
1.816,846,0,0,0,7,0,-9.23126610299,52.4593428457,4.25259071332,53.4348524227,104.274323246,0.233259029841,7.16422968849,0.598742222949,0.000399781682957,2775.84840379
1.817,846,0,0,0,7,0,-9.33204300022,52.4245985898,4.24928541436,53.4179931334,104.291875843,0.230966435149,7.54388797608,0.598742222949,0.000400737761756,2777.23659163
1.818,846,0,0,0,7,0,-9.43280025664,52.3897428479,4.24597068523,53.4012279205,104.309331788,0.231290025412,7.34070273128,0.598742222949,0.000401087805532,2778.62413203
1.819,846,0,0,0,7,0,-9.53353715021,52.3547758042,4.24264654462,53.3845570349,104.326690885,0.231665838232,7.68163816966,0.598742222949,0.000399736592427,2780.00762019
1.82,846,0,0,0,7,0,-9.63425395225,52.3196972995,4.23931297855,53.3679805619,104.343952941,0.231449989177,7.45430123215,0.598742222949,0.000399201772404,2781.39129189
1.821,846,0,0,0,7,0,-9.73495043715,52.2845073468,4.23596998944,53.3514986694,104.36111776,0.231234460665,7.51998358538,0.598742222949,0.000399329528614,2782.76242607
1.822,846,0,0,0,7,0,-9.83562578351,52.2492061689,4.23261759959,53.3351116206,104.37818515,0.232245633418,7.46051854751,0.598742222949,0.000401798489079,2784.1263793
1.823,846,0,0,0,7,0,-9.93628036122,52.213793572,4.22925579172,53.3188194838,104.39515492,0.231818577587,7.45823312947,0.598742222949,0.000405418143304,2785.489275
1.824,846,0,0,0,7,0,-10.0369135473,52.1782697112,4.22588458171,53.3026224881,104.412026876,0.23018503443,7.37875272219,0.598742222949,0.000405480418227,2786.85205472
1.825,846,0,0,0,7,0,-10.1375255127,52.1426344623,4.22250395893,53.2865207335,104.428800829,0.234592795317,7.26131841677,0.598742222949,0.000406471971731,2788.21224612
1.826,846,0,0,0,7,0,-10.2381158327,52.1068879123,4.21911393274,53.2705144155,104.445476588,0.232869007967,7.06077210331,0.598742222949,0.000405655014371,2789.57514157
1.827,846,0,0,0,7,0,-10.338684281,52.0710300785,4.2157145059,53.2546036967,104.462053965,0.232834772286,7.06507612213,0.598742222949,0.000403972033323,2790.940454
1.828,846,0,0,0,7,0,-10.4392306312,52.0350609786,4.21230568124,53.2387887388,104.478532771,0.229228872176,7.19566479444,0.598742222949,0.000403432249034,2792.30438847
1.829,846,0,0,0,7,0,-10.5397544585,51.9989807026,4.20888746838,53.2230697337,104.494912818,0.230285057092,7.21458813148,0.598742222949,0.00040206900092,2793.6659799
1.83,846,0,0,0,7,0,-10.6402559326,51.9627891272,4.20545985675,53.2074467795,104.511193921,0.232673791187,7.24337162367,0.598742222949,0.000401553601232,2795.02200459
1.831,846,0,0,0,7,0,-10.7407346287,51.9264863434,4.20202285609,53.1919200671,104.527375893,0.230839886823,7.49702794123,0.598742222949,0.000403536566125,2796.3799413
1.832,846,0,0,0,7,0,-10.8411902207,51.8900724077,4.19857647282,53.1764897701,104.543458549,0.227650994359,7.51585380306,0.598742222949,0.000401767717979,2797.73118862
1.833,846,0,0,0,7,0,-10.9416227788,51.8535472331,4.19512069984,53.1611560011,104.559441705,0.224135011478,7.39252715181,0.598742222949,0.000401799054537,2799.07924192
1.834,846,0,0,0,7,0,-11.0420319768,51.8169108771,4.19165554366,53.1459189329,104.575325177,0.222757958817,7.51022322236,0.598742222949,0.000402795076133,2800.42370377
1.835,846,0,0,0,7,0,-11.1424168944,51.7801636155,4.18818103146,53.130778826,104.591108785,0.22159378392,7.47703017916,0.598742222949,0.000401980592259,2801.7599509
1.836,846,0,0,0,7,0,-11.2427782945,51.7433051091,4.18469713223,53.1157356862,104.606792346,0.222069856869,7.89435735824,0.598742222949,0.000401606559748,2803.09309438
1.837,846,0,0,0,7,0,-11.3431155535,51.7063355264,4.18120386299,53.1007897284,104.622375681,0.223567215034,7.65527100099,0.598742222949,0.000402864404903,2804.42265946
1.838,846,0,0,0,7,0,-11.443428444,51.6692548917,4.17770122709,53.0859411064,104.637858608,0.223564328628,7.53994951972,0.598742222949,0.000405313051693,2805.74846093
1.839,846,0,0,0,7,0,-11.5437166395,51.6320632664,4.17418923141,53.0711899879,104.653240951,0.221627185146,8.37271085831,0.598742222949,0.000403804282372,2807.07847251
1.84,846,0,0,0,7,0,-11.6439802089,51.594760566,4.17066786903,53.0565364817,104.668522529,0.221901794953,7.64216497359,0.598742222949,0.000403343416959,2808.39917347
1.841,846,0,0,0,7,0,-11.7442184303,51.5573470005,4.16713716082,53.0419808113,104.683703167,0.218370193185,7.53889665416,0.598742222949,0.000404561680844,2809.71311029
1.842,845,0,0,0,7,0,-11.8345661324,51.523572854,4.16389432684,53.0289876496,104.75109513,0.218825127107,7.66017935251,0.63726938067,0.000402524305877,2810.89632891
1.843,845,0,0,0,7,0,-11.9446961012,51.4821801312,4.15998230758,53.0131690131,104.766104383,0.21709132091,7.70883211876,0.63726938067,0.000405992904791,2812.32814853
1.844,845,0,0,0,7,0,-12.0449012805,51.444397108,4.1564125757,52.9988811784,104.781001237,0.217323269038,7.77727794225,0.63726938067,0.000403695346527,2813.62786745
1.845,845,0,0,0,7,0,-12.1450799035,51.4065034442,4.15283352351,52.9846920204,104.795796299,0.217317513141,7.9029702107,0.63726938067,0.000403140371371,2814.92517335
1.846,844,0,0,0,7,0,-12.1637603844,51.3994923591,4.15212692952,52.9821199982,104.814082407,0.218351694339,7.85001199357,0.640962371378,0.000403494258206,2815.16717714
1.847,844,0,0,0,7,0,-12.3453970893,51.3303499246,4.14560936767,52.9565834406,104.828761084,0.215403431017,7.55742046504,0.640962371378,0.000402194790887,2817.51658369
1.848,844,0,0,0,7,0,-12.4454953233,51.2921252844,4.14200731681,52.9426925519,104.843248264,0.219416376895,7.48501054122,0.640962371378,0.000400747267239,2818.79989318
1.849,844,0,0,0,7,0,-12.5455729975,51.2537874873,4.13839571267,52.9288999763,104.85763296,0.220491082061,7.38101061717,0.640962371378,0.000400480109638,2820.07624558
1.85,844,0,0,0,7,0,-12.6456235658,51.2153389778,4.13477478661,52.9152067416,104.871914997,0.219319176224,7.28243891723,0.640962371378,0.000400558096901,2821.34578294
1.851,844,0,0,0,7,0,-12.7456467995,51.1767797883,4.13114454268,52.9016129912,104.886094208,0.217521709141,7.03149273967,0.640962371378,0.000400048735083,2822.61174111
1.852,844,0,0,0,7,0,-12.8456550917,51.1381050712,4.12750452563,52.8881171778,104.900170412,0.216058821876,7.09029927254,0.640962371378,0.000400393421012,2823.87635157
1.853,844,0,0,0,7,0,-12.945610352,51.0993295172,4.12385611897,52.8747245268,104.914143457,0.21720477779,7.07935727642,0.640962371378,0.000399988828444,2825.13733819
1.854,844,0,0,0,7,0,-13.0455502098,51.0604384898,4.12019794641,52.8614300806,104.928013192,0.218378953145,7.07035976574,0.640962371378,0.000400214889675,2826.39135242
1.855,844,0,0,0,7,0,-13.1454555126,51.0214393806,4.11653070426,52.8482365092,104.941779447,0.220651938654,6.97464829702,0.640962371378,0.000400346442853,2827.63943054
1.856,844,0,0,0,7,0,-13.2453449464,50.982324834,4.11285370188,52.8351414666,104.955442054,0.222143671213,7.05590935762,0.640962371378,0.000401073841612,2828.8877541
1.857,844,0,0,0,7,0,-13.3451930672,50.9431047602,4.10916787187,52.8221483963,104.969000849,0.219177629038,7.25906574662,0.640962371378,0.000400737168746,2830.13057171
1.858,844,0,0,0,7,0,-13.445024854,50.9037692946,4.10547228814,52.8092541552,104.982455672,0.221914184829,7.30324058283,0.640962371378,0.000401279817557,2831.36837984
1.859,844,0,0,0,7,0,-13.5448117282,50.8643296491,4.10176800497,52.7964625346,104.995806368,0.225757868074,7.29096331537,0.640962371378,0.000401935425452,2832.60201153
1.86,844,0,0,0,7,0,-13.6445818039,50.8247746636,4.0980539751,52.7837700301,105.009052779,0.224327890531,7.15172270476,0.640962371378,0.000401930119935,2833.83419776
1.861,844,0,0,0,7,0,-13.744315961,50.7851118591,4.09433090573,52.7711791922,105.022194742,0.222128388691,7.1980509405,0.640962371378,0.000399956818289,2835.06459854
1.862,844,0,0,0,7,0,-13.8440328522,50.7453337584,4.09059809602,52.7586877836,105.035232092,0.2265746237,7.18329756621,0.640962371378,0.000400226900558,2836.2924968
1.863,844,0,0,0,7,0,-13.9437039324,50.7054517014,4.08685661102,52.7462994774,105.048164677,0.222518607722,7.10233680556,0.640962371378,0.000400547219281,2837.51490645
1.864,844,0,0,0,7,0,-14.0433447042,50.6654594536,4.0831058666,52.7340124175,105.060992358,0.221752847759,7.17162836484,0.640962371378,0.000401219261141,2838.73182919
1.865,844,0,0,0,7,0,-14.1429675124,50.6253519944,4.07934539299,52.7218252098,105.073714967,0.228124759848,7.19619497535,0.640962371378,0.000401603111336,2839.9430958
1.866,844,0,0,0,7,0,-14.2425469801,50.5851394905,4.07557614432,52.7097410605,105.086332351,0.229697843589,7.26962099517,0.640962371378,0.000401533592983,2841.14532316
1.867,844,0,0,0,7,0,-14.3420985935,50.5448156502,4.07179753168,52.6977581716,105.09884437,0.229584320548,7.33046236865,0.640962371378,0.000401431773606,2842.33925353
1.868,844,0,0,0,7,0,-14.4416221216,50.5043805101,4.0680095595,52.6858766842,105.111250867,0.228185777029,7.24303732102,0.640962371378,0.000401017310753,2843.52751685
1.869,844,0,0,0,7,0,-14.5411141937,50.463835387,4.06421235207,52.6740971067,105.123551686,0.228018618761,7.2056034591,0.640962371378,0.000400514203308,2844.71242003
1.87,844,0,0,0,7,0,-14.6405745806,50.4231803259,4.06040591451,52.6624195648,105.135746681,0.229855157526,7.08331770021,0.640962371378,0.000400535062567,2845.89704463
1.871,844,0,0,0,7,0,-14.7399999156,50.3824166587,4.05659037241,52.6508445453,105.147835708,0.22745816105,7.1078220868,0.640962371378,0.000401397455216,2847.08138248
1.872,844,0,0,0,7,0,-14.8393950684,50.3415423427,4.05276553544,52.6393715761,105.159818621,0.224581751719,7.05967542046,0.640962371378,0.000399714563813,2848.26469093
1.873,844,0,0,0,7,0,-14.9387602006,50.3005572587,4.04893139339,52.6280007439,105.171695272,0.228753334276,6.92298739198,0.640962371378,0.000401063020918,2849.44775786
1.874,844,0,0,0,7,0,-15.0380915551,50.259462908,4.04508808762,52.6167325768,105.183465514,0.232032633712,6.89670596022,0.640962371378,0.000400433232228,2850.62875961
1.875,844,0,0,0,7,0,-15.1373869453,50.2182601541,4.04123569971,52.6055674089,105.19512921,0.229863051308,6.90399096284,0.640962371378,0.000400736527713,2851.80630956
1.876,844,0,0,0,7,0,-15.2366555412,50.1769451416,4.03737387012,52.5945043098,105.206686216,0.232591108076,6.82071678499,0.640962371378,0.000400299018307,2852.98017119
1.877,844,0,0,0,7,0,-15.3358822356,50.1355241154,4.0335031834,52.5835450517,105.218136392,0.230865258614,6.98415028094,0.640962371378,0.000400349357075,2854.15032929
1.878,844,0,0,0,7,0,-15.4350801091,50.0939915745,4.02962312636,52.5726882742,105.229479604,0.227655672957,6.83139775499,0.640962371378,0.000400395042801,2855.31784189
1.879,844,0,0,0,7,0,-15.5342442355,50.0523495305,4.02573388783,52.5619346184,105.240715709,0.228338316088,6.8603831313,0.640962371378,0.000400158383059,2856.47875611
1.88,844,0,0,0,7,0,-15.6333743858,50.010598035,4.02183547348,52.5512842001,105.251844569,0.226686526177,6.92921459885,0.640962371378,0.000399731154829,2857.63484608
1.881,844,0,0,0,7,0,-15.732470331,49.9687371402,4.01792788905,52.5407371344,105.262866049,0.22918082696,7.00024538929,0.640962371378,0.000399945200745,2858.7866875
1.882,844,0,0,0,7,0,-15.8315318421,49.926766899,4.01401114032,52.5302935351,105.273780015,0.230019786882,7.10191332669,0.640962371378,0.000400789772083,2859.93541506
1.883,844,0,0,0,7,0,-15.9305586902,49.8846873648,4.01008523313,52.5199535152,105.284586334,0.232222588742,7.21266532583,0.640962371378,0.000402279027457,2861.0796536
1.884,844,0,0,0,7,0,-16.0295506463,49.8424985919,4.00615017337,52.5097171866,105.295284874,0.233417242382,7.24756095507,0.640962371378,0.000402827873329,2862.21890186
1.885,844,0,0,0,7,0,-16.1285074817,49.8002006351,4.00220596699,52.4995846601,105.305875505,0.231413822652,7.38860552605,0.640962371378,0.000404337464247,2863.35555595
1.886,844,0,0,0,7,0,-16.2274289675,49.7577935499,3.99825262001,52.4895560456,105.316358097,0.230367676743,7.23416957786,0.640962371378,0.000404516821063,2864.49166175
1.887,844,0,0,0,7,0,-16.326315655,49.7152770572,3.99429010722,52.4796313745,105.326732521,0.234173837601,7.11254373189,0.640962371378,0.000404265923098,2865.62550847
1.888,844,0,0,0,7,0,-16.4251645857,49.672652389,3.99031854427,52.469811026,105.33699865,0.23675182986,7.23427117597,0.640962371378,0.000403388523805,2866.75630268
1.889,844,0,0,0,7,0,-16.5239790401,49.62991809,3.98633779636,52.4600947574,105.347156357,0.235588399441,6.93088890231,0.640962371378,0.000404772971258,2867.88248484
1.89,844,0,0,0,7,0,-16.6227564507,49.5870752288,3.98234796388,52.450482906,105.357205516,0.23838914358,7.01215213718,0.640962371378,0.000402342162677,2869.00282777
1.891,844,0,0,0,7,0,-16.7214981477,49.5441231885,3.97834899015,52.4409754248,105.367146002,0.239027689673,6.83684470114,0.640962371378,0.00040276063344,2870.11717404
1.892,844,0,0,0,7,0,-16.8202023444,49.5010627062,3.97434094462,52.4315725674,105.376977693,0.24080949976,6.87942209092,0.640962371378,0.000401257303264,2871.22590524
1.893,844,0,0,0,7,0,-16.9188703699,49.4578931626,3.97032377045,52.4222742879,105.386700468,0.233864417613,6.70490731513,0.640962371378,0.000401604662065,2872.33037613
1.894,844,0,0,0,7,0,-17.0175008281,49.414615129,3.96629752159,52.4130807987,105.396314204,0.235755706574,6.74628354059,0.640962371378,0.000400878948772,2873.4289544
1.895,844,0,0,0,7,0,-17.116093491,49.3712286678,3.96226220463,52.4039921985,105.405818785,0.233016680548,6.85158699516,0.640962371378,0.00040208389996,2874.52160418
1.896,844,0,0,0,7,0,-17.214649297,49.3277333273,3.95821777834,52.3950084799,105.415214092,0.231211901614,6.66292959937,0.640962371378,0.00040139350306,2875.61000141
1.897,844,0,0,0,7,0,-17.3131660743,49.2841300285,3.95416432914,52.3861299174,105.424500008,0.234592677532,6.8114609018,0.640962371378,0.000401917830788,2876.69517368
1.898,844,0,0,0,7,0,-17.4116455381,49.2404179755,3.95010178381,52.3773564324,105.433676419,0.233438528632,6.76904890034,0.640962371378,0.000402144989846,2877.77406596
1.899,844,0,0,0,7,0,-17.5100866832,49.1965975764,3.94603018105,52.3686881919,105.442743211,0.235562779576,6.9626465541,0.640962371378,0.000402619039759,2878.84758762
1.9,844,0,0,0,7,0,-17.6084892817,49.152668896,3.94194952764,52.3601252908,105.45170027,0.237110395707,6.86399230253,0.640962371378,0.00040284059866,2879.91874431
1.901,844,0,0,0,7,0,-17.7068531059,49.1086319999,3.93785983043,52.3516678231,105.460547487,0.234450348144,7.26506154477,0.640962371378,0.000402974020463,2880.98758859
1.902,844,0,0,0,7,0,-17.8051779281,49.0644869541,3.93376109631,52.3433158816,105.46928475,0.234817853437,6.87986961086,0.640962371378,0.000402539993942,2882.05206592
1.903,844,0,0,0,7,0,-17.9034633268,49.0202339127,3.92965334033,52.3350695741,105.477911951,0.233939211414,7.5130854277,0.640962371378,0.000402657140118,2883.11166463
1.904,844,0,0,0,7,0,-18.0017096561,48.9758726813,3.92553654519,52.326928943,105.48642898,0.233485094882,6.89748246687,0.640962371378,0.000401524740674,2884.16821301
1.905,844,0,0,0,7,0,-18.0999159135,48.931403678,3.92141075042,52.3188941421,105.494835733,0.23162616718,7.47988358219,0.640962371378,0.000402313003386,2885.22075659
1.906,844,0,0,0,7,0,-18.1980826465,48.8868266207,3.91727593059,52.3109651962,105.503132103,0.228884870772,6.90863898922,0.640962371378,0.000402594044171,2886.2677467
1.907,844,0,0,0,7,0,-18.2962088534,48.8421419305,3.91313212549,52.3031422555,105.511317986,0.2262089363,7.10324840311,0.640962371378,0.000401750670606,2887.30878004
1.908,844,0,0,0,7,0,-18.3942950813,48.7973493252,3.90897930967,52.2954253444,105.51939328,0.230003827973,6.86758629684,0.640962371378,0.000402508663375,2888.34374998
1.909,844,0,0,0,7,0,-18.4923401362,48.7524493175,3.90481753137,52.2878146237,105.527357883,0.229685987653,7.0628436162,0.640962371378,0.000401951081299,2889.37243249
1.91,844,0,0,0,7,0,-18.5903451448,48.7074413587,3.90064674046,52.2803100728,105.535211695,0.229924880449,7.04497837279,0.640962371378,0.000404629441873,2890.39340488
1.911,844,0,0,0,7,0,-18.6883083339,48.6623262312,3.89646701013,52.272911893,105.542954617,0.234588734258,7.10148339695,0.640962371378,0.000402607057897,2891.40716317
1.912,844,0,0,0,7,0,-18.7862306365,48.6171034742,3.89227829842,52.2656200777,105.550586553,0.231694401437,7.21242888675,0.640962371378,0.000402924701225,2892.42007555
1.913,844,0,0,0,7,0,-18.8841112467,48.5717734287,3.88808063759,52.258434751,105.558107405,0.230558757741,7.14283358139,0.640962371378,0.000403279328011,2893.43036835
1.914,844,0,0,0,7,0,-18.9819509031,48.526335721,3.88387399375,52.251355923,105.565517078,0.233685390268,6.9085646678,0.640962371378,0.000402908369732,2894.43766177
1.915,844,0,0,0,7,0,-19.0797480288,48.4807910531,3.87965843258,52.2443837703,105.57281548,0.229974753537,6.85010768393,0.640962371378,0.000402375182884,2895.44283744
1.916,844,0,0,0,7,0,-19.1775029765,48.4351392317,3.87543393685,52.2375183274,105.580002518,0.227326762205,6.85328837052,0.640962371378,0.000402374211854,2896.44449537
1.917,844,0,0,0,7,0,-19.2752155205,48.3893803328,3.87120051429,52.2307596706,105.587078102,0.226225845337,6.90039782299,0.640962371378,0.00040245607597,2897.4433597
1.918,844,0,0,0,7,0,-19.3728846644,48.343514795,3.86695820614,52.2241079265,105.594042144,0.221128669929,7.10161248812,0.640962371378,0.000403296884569,2898.437403
1.919,844,0,0,0,7,0,-19.4705117236,48.2975419721,3.86270695331,52.2175630639,105.600894557,0.220425138435,7.55053624339,0.640962371378,0.000404597644466,2899.42653493
1.92,844,0,0,0,7,0,-19.5680957022,48.251462304,3.85844679715,52.2111252089,105.607635253,0.219861217684,7.3277845255,0.640962371378,0.000402675104747,2900.40963293
1.921,844,0,0,0,7,0,-19.6656363749,48.2052758696,3.8541777456,52.204794433,105.614264147,0.216300715388,7.20819286913,0.640962371378,0.00040358316157,2901.3879432
1.922,844,0,0,0,7,0,-19.7631335166,48.1589827483,3.84989980666,52.1985708067,105.620781155,0.215628110512,7.25121032763,0.640962371378,0.0004029512271,2902.3584567
1.923,844,0,0,0,7,0,-19.8605869023,48.11258302,3.84561298839,52.1924543992,105.627186196,0.218796156069,7.31578738059,0.640962371378,0.000402886094105,2903.32084766
1.924,844,0,0,0,7,0,-19.957996307,48.0660767656,3.84131729889,52.1864452787,105.633479187,0.217954061451,7.55237040815,0.640962371378,0.000402350879498,2904.2808047
1.925,844,0,0,0,7,0,-20.0553613143,48.0194641585,3.83701275482,52.1805435234,105.63966005,0.218113798385,7.91045062386,0.640962371378,0.000402619057114,2905.23805324
1.926,844,0,0,0,7,0,-20.1526822756,47.9727450045,3.8326993389,52.1747491646,105.645728706,0.215315851335,7.47705503943,0.640962371378,0.000402041660939,2906.19323037
1.927,844,0,0,0,7,0,-20.2499583906,47.9259196628,3.82837708492,52.1690623018,105.651685079,0.217417997374,7.22842256921,0.640962371378,0.000402964372717,2907.14782961
1.928,844,0,0,0,7,0,-20.3471896271,47.8789881244,3.82404599268,52.1634829866,105.657529094,0.218320297089,7.15061531215,0.640962371378,0.000403781473611,2908.0998913
1.929,844,0,0,0,7,0,-20.4443753779,47.831950659,3.8197060877,52.1580113025,105.663260677,0.222814343714,7.22051640893,0.640962371378,0.000404491119622,2909.04855353
1.93,844,0,0,0,7,0,-20.5415161859,47.7848069802,3.81535734417,52.1526472675,105.668879755,0.22445323967,7.68953882159,0.640962371378,0.000406248175263,2909.99546553
1.931,844,0,0,0,7,0,-20.6386118272,47.7375571724,3.8109997705,52.1473909433,105.674386257,0.225324227326,7.23722557268,0.640962371378,0.000404242509736,2910.9382414
1.932,844,0,0,0,7,0,-20.7356613122,47.6902016944,3.80663340962,52.14224243,105.679780113,0.227393973418,7.22399617502,0.640962371378,0.000405303020755,2911.87587733
1.933,844,0,0,0,7,0,-20.8326648009,47.6427404465,3.80225825293,52.137201764,105.685061254,0.227148254741,7.09486555632,0.640962371378,0.000405971411011,2912.80644441
1.934,844,0,0,0,7,0,-20.9296214965,47.5951737975,3.79787433502,52.1322690304,105.690229614,0.225518233833,7.58853925583,0.640962371378,0.000405692811854,2913.73136886
1.935,844,0,0,0,7,0,-21.0265325148,47.5475011782,3.79348160405,52.1274442167,105.695285126,0.228248139811,6.9252398677,0.640962371378,0.000403608738928,2914.64830311
1.936,844,0,0,0,7,0,-21.1233970591,47.4997229585,3.78908009468,52.1227274077,105.700227726,0.22839712078,6.82078245991,0.640962371378,0.000403403501286,2915.55659718
1.937,844,0,0,0,7,0,-21.2202143341,47.4518395104,3.78466984179,52.1181186836,105.705057351,0.233310138692,6.88336702271,0.640962371378,0.000403129213906,2916.45772574
1.938,844,0,0,0,7,0,-21.3169839271,47.4038510193,3.78025086301,52.1136181031,105.709773939,0.231441902096,7.20175705451,0.640962371378,0.000403574019013,2917.35116617
1.939,844,0,0,0,7,0,-21.4137065704,47.3557571028,3.77582312371,52.1092256719,105.714377432,0.23650172168,6.83458209702,0.640962371378,0.000403241281197,2918.2373204
1.94,844,0,0,0,7,0,-21.5103818512,47.3075579462,3.77138664153,52.1049414492,105.71886777,0.234996165795,6.74135687672,0.640962371378,0.000403009109047,2919.11853493
1.941,844,0,0,0,7,0,-21.6070093572,47.2592537363,3.76694143423,52.1007654919,105.723244895,0.234813565105,7.21265185382,0.640962371378,0.000403147435744,2919.99468984
1.942,844,0,0,0,7,0,-21.703588867,47.2108445656,3.76248751088,52.0966978471,105.727508752,0.236574799061,6.85484833002,0.640962371378,0.000401866721282,2920.86570406
1.943,844,0,0,0,7,0,-21.8001201595,47.1623305271,3.75802488062,52.0927385604,105.731659286,0.234822944417,6.90722760505,0.640962371378,0.000402214568338,2921.73144561
1.944,844,0,0,0,7,0,-21.8966030138,47.1137117147,3.7535535526,52.0888876763,105.735696444,0.241007879858,6.92339066708,0.640962371378,0.000403063568385,2922.5934861
1.945,844,0,0,0,7,0,-21.9930372092,47.0649882228,3.74907353608,52.0851452382,105.739620175,0.242622745865,6.99023019082,0.640962371378,0.000405503510268,2923.4551361
1.946,844,0,0,0,7,0,-22.0894225253,47.0161601465,3.74458484033,52.0815112881,105.743430427,0.24162278382,7.10796136719,0.640962371378,0.000404915919238,2924.3130947
1.947,844,0,0,0,7,0,-22.1857587418,46.9672275815,3.74008747469,52.0779858669,105.74712715,0.243361872725,7.25023999714,0.640962371378,0.000404846732173,2925.16608663
1.948,844,0,0,0,7,0,-22.2820454488,46.9181907207,3.73558145744,52.0745690209,105.750710298,0.237996855688,7.38810921955,0.640962371378,0.00040528266659,2926.01408295
1.949,844,0,0,0,7,0,-22.3782826166,46.8690495649,3.73106678915,52.0712607814,105.754179825,0.240473265889,7.5533327431,0.640962371378,0.000405036941436,2926.85692486
1.95,844,0,0,0,7,0,-22.4744702155,46.8198041143,3.72654347039,52.0680611796,105.757535685,0.241370165839,7.45243024549,0.640962371378,0.000403903110462,2927.69430605
1.951,844,0,0,0,7,0,-22.5706078364,46.7704545643,3.72201151962,52.0649702584,105.760777834,0.244269324904,7.2051475747,0.640962371378,0.000403639443863,2928.52748875
1.952,844,0,0,0,7,0,-22.6666952602,46.7210010136,3.71747094644,52.0619880524,105.763906231,0.245248955987,7.07672039662,0.640962371378,0.000404356976475,2929.3541142
1.953,844,0,0,0,7,0,-22.7627322682,46.671443562,3.71292176049,52.0591145956,105.766920834,0.245813521504,7.08309802391,0.640962371378,0.000404154166092,2930.17467189
1.954,844,0,0,0,7,0,-22.8587190206,46.6217821136,3.70836395352,52.0563499097,105.769821602,0.243030922533,7.18194162388,0.640962371378,0.000403414210337,2930.98970367
1.955,844,0,0,0,7,0,-22.9546545418,46.572017161,3.70379757122,52.0536940479,105.772608499,0.245127860669,7.0851894098,0.640962371378,0.000403098237792,2931.79915329
1.956,844,0,0,0,7,0,-23.0505389925,46.5221486099,3.69922260543,52.0511470288,105.775281488,0.243049481047,6.89015121664,0.640962371378,0.000403171846973,2932.60225465
1.957,844,0,0,0,7,0,-23.146372155,46.4721765622,3.69463906601,52.0487088812,105.777840535,0.238722789271,6.72147705934,0.640962371378,0.000403333146403,2933.4004771
1.958,844,0,0,0,7,0,-23.2421538119,46.4221011207,3.69004696287,52.0463796326,105.780285606,0.241893295542,6.71625173032,0.640962371378,0.000403149904501,2934.1946008
1.959,844,0,0,0,7,0,-23.3378837458,46.3719223887,3.68544630598,52.0441593095,105.78261667,0.243681237654,6.70752989828,0.640962371378,0.000403492949503,2934.98494748
1.96,844,0,0,0,7,0,-23.4335609853,46.3216408668,3.68083714171,52.0420479527,105.784833698,0.236837551397,6.76555380398,0.640962371378,0.000403387166833,2935.77084916
1.961,844,0,0,0,7,0,-23.5291868231,46.2712558663,3.67621940741,52.0400455528,105.786936661,0.236775032923,6.7887748828,0.640962371378,0.000403759682492,2936.55229929
1.962,844,0,0,0,7,0,-23.6247602882,46.2207678891,3.67159314955,52.03815215,105.788925532,0.233236791888,6.8098919316,0.640962371378,0.000404443367675,2937.32980165
1.963,844,0,0,0,7,0,-23.7202811645,46.170177041,3.66695837831,52.0363677659,105.790800286,0.238191573546,6.81572701105,0.640962371378,0.00040493625762,2938.10242713
1.964,844,0,0,0,7,0,-23.8157492363,46.1194834284,3.6623151039,52.0346924206,105.792560899,0.240587089952,6.88230915249,0.640962371378,0.000404498325271,2938.87126889
1.965,844,0,0,0,7,0,-23.9111642879,46.0686871585,3.65766333661,52.0331261332,105.794207348,0.240595692426,6.81562162897,0.640962371378,0.000404102530223,2939.63690278
1.966,844,0,0,0,7,0,-24.0065261043,46.0177883389,3.65300308674,52.0316689215,105.795739613,0.237064108149,6.62809025161,0.640962371378,0.000405115956703,2940.3987411
1.967,844,0,0,0,7,0,-24.1018344704,45.966787078,3.64833436468,52.0303208019,105.797157673,0.237746272691,6.7735078386,0.640962371378,0.000405411264555,2941.1559311
1.968,844,0,0,0,7,0,-24.1970889839,45.9156835855,3.64365719006,52.0290817921,105.79846151,0.237813438543,6.97951372115,0.640962371378,0.000405063594217,2941.90818928
1.969,844,0,0,0,7,0,-24.2922899939,45.8644776683,3.63897154568,52.0279518994,105.799651109,0.234211560588,6.70849684421,0.640962371378,0.000406740427571,2942.65381587
1.97,844,0,0,0,7,0,-24.387436723,45.8131697395,3.63427746975,52.0269311436,105.800726452,0.234395907532,6.88422562131,0.640962371378,0.000405932658608,2943.3922842
1.971,844,0,0,0,7,0,-24.4825287701,45.7617600115,3.62957498216,52.0260195371,105.801687529,0.235781884013,7.25631110949,0.640962371378,0.000405828698357,2944.12508189
1.972,844,0,0,0,7,0,-24.577567047,45.7102479871,3.62486403786,52.0252170806,105.802534327,0.236187942149,7.02377550869,0.640962371378,0.000406289394704,2944.85092381
1.973,844,0,0,0,7,0,-24.6725502157,45.6586343873,3.62014470322,52.0245237934,105.803266835,0.240587430033,7.17875819527,0.640962371378,0.000406442013505,2945.57026735
1.974,844,0,0,0,7,0,-24.7674780638,45.6069193257,3.61541698905,52.0239396819,105.803885045,0.236835719606,7.52012156908,0.640962371378,0.000406009671679,2946.28503597
1.975,844,0,0,0,7,0,-24.8623515021,45.555102303,3.61068085013,52.0234647467,105.804388948,0.235158551573,7.12408233231,0.640962371378,0.000406574912194,2946.99448585
1.976,844,0,0,0,7,0,-24.9571691955,45.5031840459,3.6059363533,52.0230989998,105.804778538,0.231700191241,7.1440132556,0.640962371378,0.000408010910132,2947.69861292
1.977,844,0,0,0,7,0,-25.0519307457,45.4511647721,3.60118351888,52.0228424441,105.80505381,0.227506138228,7.56996930812,0.640962371378,0.000407112595813,2948.4014444
1.978,844,0,0,0,7,0,-25.1466376229,45.3990436729,3.59642227338,52.0226950793,105.805214761,0.232115096733,7.15460717208,0.640962371378,0.000406059355915,2949.09964948
1.979,844,0,0,0,7,0,-25.2412879347,45.3468217883,3.59165271222,52.0226569113,105.805261388,0.231311741383,7.20181273373,0.640962371378,0.000406711210025,2949.79333047
1.98,844,0,0,0,7,0,-25.3358812844,45.294499339,3.58687485597,52.0227279375,105.805193692,0.232240124701,7.76127215122,0.640962371378,0.000406273034198,2950.48264757
1.981,844,0,0,0,7,0,-25.4304189538,45.2420756163,3.5820886403,52.0229081585,105.805011674,0.228728016634,7.26633659354,0.640962371378,0.000406352767401,2951.167321
1.982,844,0,0,0,7,0,-25.5248999867,45.1895511505,3.57729411404,52.0231975727,105.804715335,0.229199929641,7.38948436274,0.640962371378,0.000408482707468,2951.84734782
1.983,844,0,0,0,7,0,-25.6193241731,45.1369260595,3.57249128836,52.023596177,105.804304679,0.227843337039,7.64573246191,0.640962371378,0.000408782627708,2952.52491126
1.984,844,0,0,0,7,0,-25.7136913038,45.084200462,3.56768017448,52.0241039672,105.803779712,0.226992796036,7.17625589262,0.640962371378,0.000408279013827,2953.19704979
1.985,844,0,0,0,7,0,-25.8080011694,45.0313744771,3.56286078367,52.0247209375,105.80314044,0.22391543183,7.1607188521,0.640962371378,0.000409180293096,2953.8638071
1.986,844,0,0,0,7,0,-25.9022535613,44.9784482248,3.55803312725,52.0254470812,105.802386872,0.222234747871,7.07186044358,0.640962371378,0.00040763477822,2954.52319193
1.987,844,0,0,0,7,0,-25.9964480852,44.92542193,3.55319722613,52.0262823885,105.801519017,0.221859899029,7.45939184767,0.640962371378,0.000407921065187,2955.17643562
1.988,844,0,0,0,7,0,-26.0905850904,44.8722953998,3.54835306309,52.0272268554,105.800536886,0.217733478152,7.03863800857,0.640962371378,0.000407822625814,2955.82295586
1.989,844,0,0,0,7,0,-26.1846638119,44.8190690698,3.54350067823,52.0282804663,105.79944049,0.221989783932,7.05502447833,0.640962371378,0.000409072656686,2956.46318751
1.99,844,0,0,0,7,0,-26.2786842281,44.7657429575,3.53864007352,52.0294432112,105.798229845,0.222818345255,7.24122191148,0.640962371378,0.000408649907654,2957.09627593
1.991,844,0,0,0,7,0,-26.3726457613,44.7123173963,3.5337712797,52.0307150716,105.796904965,0.220542698855,7.40711638504,0.640962371378,0.000408185121819,2957.72529869
1.992,844,0,0,0,7,0,-26.4665493167,44.658791877,3.52889425074,52.0320960492,105.795465869,0.221617098604,7.00327630819,0.640962371378,0.000408972236145,2958.3483824
1.993,844,0,0,0,7,0,-26.5603935765,44.6051671564,3.52400905596,52.0335861133,105.793912573,0.223043420955,7.04978488955,0.640962371378,0.000409798007961,2958.96738373
1.994,844,0,0,0,7,0,-26.6541783352,44.5514433598,3.51911570713,52.0351852454,105.792245101,0.217823423246,7.45896843707,0.640962371378,0.000410250584037,2959.58340054
1.995,844,0,0,0,7,0,-26.7479044969,44.4976199762,3.51421415804,52.0368934475,105.790463472,0.219010972673,7.0748572567,0.640962371378,0.000410061486001,2960.1934077
1.996,844,0,0,0,7,0,-26.8415707472,44.4436977677,3.50930447847,52.0387106812,105.788567711,0.217319367043,7.14588255085,0.640962371378,0.000411208069945,2960.79799722
1.997,844,0,0,0,7,0,-26.9351766972,44.3896769678,3.50438669001,52.0406369204,105.786557842,0.222316224996,7.64319392691,0.640962371378,0.000410324229113,2961.39787933
1.998,844,0,0,0,7,0,-27.0287238035,44.3355567438,3.49946071719,52.0426721791,105.784433893,0.225515691961,6.94719814631,0.640962371378,0.000408894904884,2961.99304453
1.999,844,0,0,0,7,0,-27.1222102015,44.2813381832,3.49452665934,52.0448163997,105.782195889,0.225141105226,6.87637251002,0.640962371378,0.000410136167809,2962.58180557
2.0,844,0,0,0,7,0,-27.2156356882,44.227021415,3.48958452853,52.0470695557,105.77984386,0.23082977858,7.40366673476,0.640962371378,0.000409192768659,2963.16333334
2.001,844,0,0,0,7,0,-27.3090009819,44.1726060322,3.48463428805,52.0494316436,105.777377838,0.227608912238,6.95201328405,0.640962371378,0.000408877290358,2963.73725738
2.002,844,0,0,0,7,0,-27.402305695,44.1180922706,3.47967595968,52.0519026337,105.774797854,0.230814180632,6.86451292741,0.640962371378,0.000410061533149,2964.30370485
2.003,844,0,0,0,7,0,-27.4955494412,44.0634803672,3.47470956531,52.0544824939,105.772103941,0.229460833716,6.89234900027,0.640962371378,0.000410197106565,2964.86295057
2.004,844,0,0,0,7,0,-27.5887320184,44.008770452,3.46973511707,52.0571711953,105.769296132,0.230193988043,6.80087605788,0.640962371378,0.000410233177911,2965.41640099
2.005,844,0,0,0,7,0,-27.6818532248,43.9539626559,3.46475262719,52.059968708,105.766374464,0.229797965871,6.66062692905,0.640962371378,0.000411118752242,2965.9644505
2.006,844,0,0,0,7,0,-27.7749128593,43.89905711,3.45976210789,52.0628750006,105.763338975,0.232479823966,6.75643846844,0.640962371378,0.000410957022761,2966.50768208
2.007,844,0,0,0,7,0,-27.8679107211,43.8440539462,3.45476357149,52.0658900407,105.760189704,0.23102394243,6.76824636581,0.640962371378,0.000410768496358,2967.04496882
2.008,844,0,0,0,7,0,-27.9608466096,43.7889532968,3.4497570303,52.0690137945,105.75692669,0.230695503067,6.69672253994,0.640962371378,0.000411603945402,2967.5756976
2.009,844,0,0,0,7,0,-28.0537203249,43.7337552949,3.44474249673,52.0722462271,105.753549976,0.232216652642,6.83465714125,0.640962371378,0.000411462336524,2968.10121374
2.01,844,0,0,0,7,0,-28.1465316674,43.6784600738,3.43971998318,52.0755873024,105.750059605,0.232843932735,7.01015772817,0.640962371378,0.000410463897446,2968.62202453
2.011,844,0,0,0,7,0,-28.2392804379,43.6230677676,3.43468950214,52.0790369831,105.746455622,0.228439290132,7.01496751602,0.640962371378,0.000410950346385,2969.14030164
2.012,844,0,0,0,7,0,-28.3319660719,43.5675787297,3.42965108598,52.0825952161,105.742738074,0.228461872522,7.18222465446,0.640962371378,0.000411238141817,2969.65483198
2.013,844,0,0,0,7,0,-28.4245891024,43.5119926575,3.42460470753,52.0862619898,105.738907008,0.230876542969,7.45467463469,0.640962371378,0.000410282698821,2970.16562205
2.014,844,0,0,0,7,0,-28.5171493308,43.4563096858,3.41955037932,52.0900372649,105.734962472,0.23013616637,7.11504342521,0.640962371378,0.000410712551357,2970.67151557
2.015,844,0,0,0,7,0,-28.6096458295,43.40053039,3.41448815386,52.0939209695,105.730904516,0.231513001272,6.95449469859,0.640962371378,0.000412382813507,2971.17157262
2.016,844,0,0,0,7,0,-28.7020784019,43.3446549078,3.40941804391,52.0979130586,105.726733192,0.229862593052,7.38448995851,0.640962371378,0.000412483922637,2971.66464627
2.017,844,0,0,0,7,0,-28.7944475804,43.2886829354,3.40434002219,52.102013519,105.722448555,0.231168720919,7.07301506738,0.640962371378,0.000412735190285,2972.15042517
2.018,844,0,0,0,7,0,-28.8867531685,43.23261461,3.39925410142,52.1062223067,105.718050657,0.231254991199,7.02618233284,0.640962371378,0.000412952498321,2972.62880592
2.019,844,0,0,0,7,0,-28.9789938782,43.1764507336,3.39416035463,52.1105393241,105.713539557,0.230364919216,7.1094602716,0.640962371378,0.000412493010038,2973.10146667
2.02,844,0,0,0,7,0,-29.0711704241,43.1201908918,3.38905874449,52.1149645644,105.708915312,0.231031360922,7.15577391724,0.640962371378,0.000411866433891,2973.57122901
2.021,844,0,0,0,7,0,-29.1632831561,43.0638348902,3.38394925363,52.1194980065,105.70417798,0.232658337319,6.88926675327,0.640962371378,0.000411554429753,2974.03701237
2.022,844,0,0,0,7,0,-29.2553298818,43.0073840919,3.37883200589,52.1241395003,105.699327624,0.230310716553,6.89804932367,0.640962371378,0.000411894447997,2974.49939184
2.023,844,0,0,0,7,0,-29.3473124044,42.950837413,3.37370690329,52.1288890934,105.694364306,0.224799337903,7.38589378955,0.640962371378,0.000411586933697,2974.960504
2.024,844,0,0,0,7,0,-29.4392298042,42.8941954399,3.3685739992,52.1337466972,105.689288089,0.224002780726,7.03693250335,0.640962371378,0.000411447540468,2975.42018297
2.025,844,0,0,0,7,0,-29.531081888,42.837458314,3.36343330671,52.1387122577,105.684099037,0.221410945321,7.01329499963,0.640962371378,0.000412671267411,2975.87667865
2.026,844,0,0,0,7,0,-29.6228684631,42.7806261772,3.35828483891,52.1437857195,105.678797218,0.21842595926,7.16201172876,0.640962371378,0.000412475934516,2976.32840903
2.027,844,0,0,0,7,0,-29.7145891564,42.7236992843,3.35312861912,52.1489670157,105.673382699,0.221117580501,7.32566857042,0.640962371378,0.000412490573526,2976.77185458
2.028,844,0,0,0,7,0,-29.8062443187,42.6666774412,3.34796463001,52.1542561199,105.667855549,0.223918177264,6.98350129817,0.640962371378,0.000412926137256,2977.20753792
2.029,844,0,0,0,7,0,-29.8978332161,42.6095611285,3.34279291535,52.1596529423,105.66221584,0.222360034295,7.00590754664,0.640962371378,0.000413263842545,2977.6337757
2.03,844,0,0,0,7,0,-29.9893556581,42.5523504907,3.33761348843,52.1651574221,105.656463644,0.22843160948,7.63193150122,0.640962371378,0.000412999707841,2978.05222039
2.031,844,0,0,0,7,0,-30.0808119957,42.4950453334,3.33242633191,52.1707695311,105.650599034,0.22373210399,7.28254588579,0.640962371378,0.000413160626171,2978.46503086
2.032,844,0,0,0,7,0,-30.1722014976,42.4376461406,3.32723148981,52.1764891743,105.644622084,0.223898322767,7.24761176318,0.640962371378,0.000414753303274,2978.87320671
2.033,844,0,0,0,7,0,-30.2635237945,42.3801531715,3.32202898581,52.1823162755,105.638532872,0.2173242667,7.39837287452,0.640962371378,0.000415464878005,2979.2756835
2.034,844,0,0,0,7,0,-30.3547794178,42.3225661184,3.3168187923,52.1882508162,105.632331472,0.219181973533,7.44148883417,0.640962371378,0.000415592726386,2979.67264285
2.035,844,0,0,0,7,0,-30.4459681785,42.2648851272,3.31160092269,52.1942927322,105.626017963,0.220466191249,7.22489019054,0.640962371378,0.000416783209708,2980.06606711
2.036,844,0,0,0,7,0,-30.537089169,42.2071107997,3.30637543164,52.2004419088,105.619592423,0.217720546933,7.14410073592,0.640962371378,0.00041817231701,2980.45450762
2.037,844,0,0,0,7,0,-30.6281422024,42.1492432843,3.30114233277,52.2066982762,105.613054935,0.212901636185,7.65331421663,0.640962371378,0.000417542272894,2980.84025782
2.038,844,0,0,0,7,0,-30.7191281686,42.0912820435,3.2959015777,52.2130618401,105.60640558,0.214657089677,7.36493383715,0.640962371378,0.000417061929047,2981.22172909
2.039,844,0,0,0,7,0,-30.8100458041,42.0332279114,3.29065324204,52.2195324555,105.599644444,0.214165838462,7.33847304029,0.640962371378,0.000417856949647,2981.59733005
2.04,844,0,0,0,7,0,-30.9008949233,41.9750810377,3.28539733953,52.226110049,105.592771612,0.212233295783,7.39416548191,0.640962371378,0.000416448049239,2981.96838379
2.041,844,0,0,0,7,0,-30.991675878,41.9168412277,3.28013385277,52.2327945866,105.585787172,0.21868097079,7.62245661263,0.640962371378,0.000415547962236,2982.33493988
2.042,844,0,0,0,7,0,-31.0823890197,41.8585082858,3.27486276428,52.239586036,105.578691212,0.211255414575,7.242459817,0.640962371378,0.000416134678615,2982.69718949
2.043,844,0,0,0,7,0,-31.1730321959,41.8000836284,3.26958420225,52.2464841735,105.571483823,0.213752498607,7.16192639386,0.640962371378,0.000415785968263,2983.05325072
2.044,844,0,0,0,7,0,-31.2636071894,41.7415661394,3.264298066,52.2534890713,105.564165097,0.219994964917,7.65152871434,0.640962371378,0.000414988869561,2983.4019218
2.045,844,0,0,0,7,0,-31.3541131012,41.6829564308,3.25900441105,52.2606005987,105.556735124,0.220900332502,7.23164321831,0.640962371378,0.00041425445159,2983.74601353
2.046,844,0,0,0,7,0,-31.4445497483,41.6242546545,3.25370325127,52.2678186771,105.549194,0.221862188909,7.23539877931,0.640962371378,0.000414608515272,2984.08572914
2.047,844,0,0,0,7,0,-31.5349169477,41.5654609625,3.2483946006,52.275143227,105.541541817,0.224127318022,7.32199142637,0.640962371378,0.000414528639823,2984.4216815
2.048,844,0,0,0,7,0,-31.6252143391,41.5065756237,3.24307848348,52.2825741529,105.533778673,0.226267109512,7.17385240581,0.640962371378,0.00041475655054,2984.75412392
2.049,844,0,0,0,7,0,-31.715442275,41.4475984426,3.23775488245,52.2901114173,105.525904663,0.224871703798,7.08882925542,0.640962371378,0.000415550368871,2985.08116055
2.05,844,0,0,0,7,0,-31.80560004,41.3885299215,3.23242384303,52.2977548932,105.517919887,0.226922909713,7.28725553993,0.640962371378,0.000417117870442,2985.40228594
2.051,844,0,0,0,7,0,-31.8956873648,41.3293702731,3.22708538459,52.3055044878,105.509824445,0.225627488026,8.00424339948,0.640962371378,0.000417437037198,2985.71693054
2.052,844,0,0,0,7,0,-31.9857048685,41.2701191266,3.22173947384,52.3133601855,105.501618438,0.229859521821,7.20895970322,0.640962371378,0.000416442928366,2986.02565592
2.053,844,0,0,0,7,0,-32.0756515723,41.2107771624,3.21638617235,52.3213218308,105.493301967,0.231799988559,6.96481246348,0.640962371378,0.000418594166601,2986.32900216
2.054,844,0,0,0,7,0,-32.1655272085,41.1513445951,3.21102549964,52.3293893271,105.484875138,0.234683395619,7.01378937957,0.640962371378,0.000417733232436,2986.62581579
2.055,844,0,0,0,7,0,-32.2553323076,41.0918211116,3.20565742763,52.3375626495,105.476338055,0.235739391839,7.15137106737,0.640962371378,0.000417178855361,2986.91659314
2.056,844,0,0,0,7,0,-32.3450666908,41.0322068675,3.20028197051,52.3458417101,105.467690823,0.237415587451,6.84172098318,0.640962371378,0.000417983515713,2987.20193361
2.057,844,0,0,0,7,0,-32.4347294723,40.9725024897,3.19489918498,52.3542263529,105.45893355,0.240817323518,6.79068390767,0.640962371378,0.000417961234993,2987.48216862
2.058,844,0,0,0,7,0,-32.5243203872,40.9127081949,3.18950909073,52.3627164759,105.450066346,0.240915627903,7.29616211685,0.640962371378,0.000417168826056,2987.75678047
2.059,844,0,0,0,7,0,-32.6138405838,40.852823256,3.18411162235,52.371312113,105.441089319,0.241857895049,6.55783953391,0.640962371378,0.00041623594902,2988.02718641
2.06,844,0,0,0,7,0,-32.7032885612,40.7928487161,3.17870687401,52.380013044,105.432002583,0.243892046427,6.54511744075,0.640962371378,0.00041700299293,2988.29439051
2.061,844,0,0,0,7,0,-32.7926642327,40.7327846755,3.17329485489,52.3888191805,105.42280625,0.245096269829,6.76625280287,0.640962371378,0.000416463792053,2988.55769918
2.062,844,0,0,0,7,0,-32.8819681282,40.6726308189,3.16787553673,52.3977304961,105.413500436,0.247593726321,6.68281207569,0.640962371378,0.000415810287212,2988.81587619
2.063,844,0,0,0,7,0,-32.9712000726,40.6123873051,3.16244893397,52.406746895,105.404085256,0.24951751401,6.64179147382,0.640962371378,0.000417304090958,2989.06991503
2.064,844,0,0,0,7,0,-33.0603584845,40.552055245,3.1570151468,52.415868135,105.394560828,0.255954130427,6.73584279931,0.640962371378,0.00041814776085,2989.31667266
2.065,844,0,0,0,7,0,-33.1494449489,40.4916336089,3.15157408263,52.425094296,105.38492727,0.257780961389,7.27774419214,0.640962371378,0.000417098859407,2989.55871315
2.066,844,0,0,0,7,0,-33.2384585896,40.4311230336,3.14612579892,52.4344252062,105.375184701,0.262604821398,6.63190904223,0.640962371378,0.000416224797322,2989.79536502
2.067,844,0,0,0,7,0,-33.3273992339,40.3705236797,3.14067031028,52.4438607643,105.36533324,0.264201526299,6.66813153016,0.640962371378,0.000418004527572,2990.02477145
2.068,844,0,0,0,7,0,-33.4162667099,40.3098357088,3.13520763135,52.4534008677,105.355373009,0.26462922363,6.86518098653,0.640962371378,0.00041822450832,2990.24973091
2.069,844,0,0,0,7,0,-33.5050608462,40.2490592825,3.12973777683,52.4630454128,105.345304132,0.263027147177,6.8412773038,0.640962371378,0.000418230550221,2990.46875825
2.07,844,0,0,0,7,0,-33.5937814718,40.188194563,3.12426076143,52.4727942949,105.335126733,0.263466887623,6.88841121676,0.640962371378,0.000419328378865,2990.68208721
2.071,844,0,0,0,7,0,-33.6824284164,40.1272417128,3.11877659988,52.4826474083,105.324840937,0.259844341331,6.98665501533,0.640962371378,0.000418724744827,2990.89152965
2.072,844,0,0,0,7,0,-33.7710013354,40.0662010152,3.11328531779,52.4926046264,105.314446871,0.261062019642,7.2074651701,0.640962371378,0.000418565649402,2991.09736217
2.073,844,0,0,0,7,0,-33.8595005835,40.0050722723,3.10778689746,52.5026659007,105.303944662,0.261083177099,6.68395063659,0.640962371378,0.000417033562359,2991.29897377
2.074,844,0,0,0,7,0,-33.947925468,39.9438560093,3.10228138625,52.5128310632,105.293334441,0.260322843218,6.56249860734,0.640962371378,0.000419316779679,2991.49905061
2.075,844,0,0,0,7,0,-34.0362759954,39.8825522698,3.09676878817,52.5231000238,105.282616336,0.25789684538,6.56990184591,0.640962371378,0.000419213610842,2991.69359938
2.076,844,0,0,0,7,0,-34.1245516497,39.8211614603,3.09124913989,52.5334726302,105.271790479,0.25497824409,6.65507404842,0.640962371378,0.000418116947308,2991.88033604
2.077,844,0,0,0,7,0,-34.2127528733,39.7596833222,3.08572241824,52.5439488418,105.260857004,0.251222800609,7.22981149528,0.640962371378,0.000417682298955,2992.05904631
2.078,844,0,0,0,7,0,-34.3008794121,39.6981180809,3.0801886436,52.5545285364,105.249816043,0.247131022005,6.7598095686,0.640962371378,0.000418018342823,2992.2302852
2.079,844,0,0,0,7,0,-34.3889311867,39.6364658408,3.07464782544,52.5652116115,105.238667729,0.246169938626,6.68715673549,0.640962371378,0.000419076375357,2992.39413245
2.08,844,0,0,0,7,0,-34.4769074238,39.5747271938,3.06910001704,52.5759978782,105.227412199,0.247373174755,6.69255945861,0.640962371378,0.000419902070394,2992.54929353
2.081,844,0,0,0,7,0,-34.5648083058,39.512902063,3.06354521159,52.5868872622,105.216049591,0.249240884576,6.77331566727,0.640962371378,0.000419392758929,2992.69808584
2.082,844,0,0,0,7,0,-34.6526333218,39.4509908595,3.0579834461,52.5978796026,105.204580042,0.248381903018,7.02338829222,0.640962371378,0.000419165309324,2992.84357435
2.083,844,0,0,0,7,0,-34.7403827413,39.3889934453,3.05241470826,52.6089748351,105.193003694,0.241742639002,7.63326793184,0.640962371378,0.000419373131609,2992.98535756
2.084,844,0,0,0,7,0,-34.8280568332,39.3269096816,3.04683898568,52.6201728968,105.181320685,0.240128040137,7.1897324695,0.640962371378,0.000419419516342,2993.12229592
2.085,844,0,0,0,7,0,-34.9156543107,39.2647405325,3.04125636503,52.6314735239,105.169531158,0.238353513137,7.17501864093,0.640962371378,0.000420688567883,2993.25403105
2.086,844,0,0,0,7,0,-35.0031759621,39.2024854919,3.03566680092,52.6428767175,105.157635257,0.236359149258,7.26360523049,0.640962371378,0.000420947948423,2993.37937033
2.087,844,0,0,0,7,0,-35.0906212803,39.1401449736,3.03007033061,52.6543823114,105.145633126,0.236588939163,7.15530770379,0.640962371378,0.000421335969382,2993.49543365
2.088,844,0,0,0,7,0,-35.1779901041,39.0777191467,3.02446696933,52.6659901827,105.13352491,0.233164140155,7.10311250642,0.640962371378,0.000422033737365,2993.6064157
2.089,844,0,0,0,7,0,-35.2652829618,39.0152076873,3.01885668808,52.6777003007,105.121310755,0.232618921359,6.89506671063,0.640962371378,0.000422980476971,2993.71233104
2.09,844,0,0,0,7,0,-35.3524976281,38.9526122452,3.01323963498,52.6895122616,105.10899081,0.231602006888,6.88561714565,0.640962371378,0.000423971915488,2993.81762631
2.091,844,0,0,0,7,0,-35.4396366956,38.889931015,3.00761564811,52.7014263124,105.096565222,0.233940756836,6.76353611499,0.640962371378,0.00042386324258,2993.92176158
2.092,844,0,0,0,7,0,-35.5266972559,38.8271661451,3.00198492027,52.7134419502,105.084034141,0.231262396915,6.84499756603,0.640962371378,0.000422936943036,2994.02259225
2.093,844,0,0,0,7,0,-35.6136812117,38.7643163214,2.99634733364,52.72555933,105.071397719,0.230971950052,6.917811393,0.640962371378,0.000422967510522,2994.11644336
2.094,844,0,0,0,7,0,-35.7005874615,38.7013823963,2.99070296472,52.7377781927,105.058656107,0.229963730385,7.37516296041,0.640962371378,0.00042259900153,2994.20251259
2.095,844,0,0,0,7,0,-35.7874162767,38.6383642308,2.98505180112,52.7500984686,105.045809456,0.230634310811,7.18437862112,0.640962371378,0.000422767454317,2994.28216755
2.096,844,0,0,0,7,0,-35.874167757,38.5752618097,2.97939384153,52.7625200649,105.032857921,0.232998741331,7.08643570544,0.640962371378,0.000422868831037,2994.35474847
2.097,844,0,0,0,7,0,-35.9608409764,38.5120758649,2.97372915163,52.7750427401,105.019801657,0.231832230132,7.04548644619,0.640962371378,0.0004226949072,2994.41987017
2.098,844,0,0,0,7,0,-36.0474357802,38.4488065695,2.96805774698,52.78766636,105.00664082,0.234346880507,7.03304134215,0.640962371378,0.000422571139542,2994.47714965
2.099,844,0,0,0,7,0,-36.133952558,38.3854536985,2.96237960746,52.8003908701,104.993375569,0.230742879008,9.22819232096,0.640962371378,0.000421677905549,2994.52788212
2.1,844,0,0,0,7,0,-36.2203912297,38.3220173698,2.95669474368,52.8132161483,104.980006061,0.231916866197,7.11765825516,0.640962371378,0.000418899118659,2994.57255434
2.101,844,0,0,0,7,0,-36.3067515666,38.258497811,2.95100317609,52.8261420493,104.966532457,0.236146651177,7.11279393917,0.640962371378,0.000420201075075,2994.61025495
2.102,844,0,0,0,7,0,-36.3930328727,38.1948955952,2.94530495608,52.8391683553,104.952954917,0.235676526413,7.15436225866,0.640962371378,0.000421445743716,2994.64291708
2.103,844,0,0,0,7,0,-36.4792348262,38.1312110225,2.93960011057,52.8522949015,104.939273603,0.234441040884,7.29853930404,0.640962371378,0.000422446764307,2994.6711528
2.104,844,0,0,0,7,0,-36.5653582101,38.0674435766,2.93388859333,52.865521692,104.925488679,0.23486852024,7.51223195747,0.640962371378,0.000422469242732,2994.69492473
2.105,844,0,0,0,7,0,-36.651402448,38.0035937459,2.92817044816,52.8788485236,104.911600307,0.235122673618,7.22271173231,0.640962371378,0.000421708937697,2994.71562803
2.106,844,0,0,0,7,0,-36.7373674739,37.9396616424,2.9224456851,52.89227527,104.897608652,0.234652894476,7.12919668437,0.640962371378,0.000422296956633,2994.73211315
2.107,844,0,0,0,7,0,-36.8232530527,37.875647504,2.91671432552,52.9058017772,104.883513878,0.229614842475,7.04592573956,0.640962371378,0.000422550413315,2994.7447974
2.108,844,0,0,0,7,0,-36.9090590346,37.8115515064,2.91097638515,52.9194279037,104.869316151,0.230723138318,7.27000918755,0.640962371378,0.000422673281595,2994.75445836
2.109,844,0,0,0,7,0,-36.9947851861,37.7473738885,2.90523188541,52.9331534934,104.85501564,0.234368119165,7.32692545068,0.640962371378,0.000423260956395,2994.76112154
2.11,844,0,0,0,7,0,-37.0804316121,37.6831146365,2.8994808251,52.9469784436,104.840612513,0.231440088237,7.07299169393,0.640962371378,0.000423749689391,2994.76442784
2.111,844,0,0,0,7,0,-37.1659979112,37.6187741168,2.89372323703,52.9609025693,104.826106938,0.233809867147,7.06417035681,0.640962371378,0.000425577533125,2994.76401174
2.112,844,0,0,0,7,0,-37.2514840206,37.5543524426,2.88795913135,52.9749257391,104.811499086,0.233624625114,7.16933619749,0.640962371378,0.00042487101195,2994.75954992
2.113,844,0,0,0,7,0,-37.3368896251,37.489849918,2.8821885353,52.9890477788,104.796789129,0.233831223032,7.24470416644,0.640962371378,0.000424285666845,2994.74845461
2.114,844,0,0,0,7,0,-37.4222148101,37.4252665455,2.87641144911,53.0032685796,104.781977239,0.236514031263,8.61074769392,0.640962371378,0.000423964908646,2994.73087367
2.115,844,0,0,0,7,0,-37.5074597452,37.3606022633,2.87062786727,53.0175880474,104.767063588,0.237157072346,7.28773259666,0.640962371378,0.000422059022009,2994.70814083
2.116,844,0,0,0,7,0,-37.5926236337,37.2958577433,2.86483784991,53.0320059245,104.752048349,0.237949751169,7.16257366869,0.640962371378,0.000423796448208,2994.68174199
2.117,844,0,0,0,7,0,-37.6777066045,37.2310329562,2.8590413944,53.046522107,104.736931698,0.238885084174,7.03752386302,0.640962371378,0.000424441031054,2994.64957016
2.118,844,0,0,0,7,0,-37.7627081784,37.1661283364,2.85323853961,53.0611363867,104.721713811,0.23501046665,7.01096092673,0.640962371378,0.000425237479854,2994.61317047
2.119,844,0,0,0,7,0,-37.8476287989,37.1011436145,2.84742926146,53.075848713,104.706394865,0.238332858803,7.81514215704,0.640962371378,0.000425562943966,2994.57217441
2.12,844,0,0,0,7,0,-37.9324682393,37.036079033,2.84161358163,53.0906589205,104.690975036,0.241940256106,7.08421324141,0.640962371378,0.000424424613315,2994.52569444
2.121,844,0,0,0,7,0,-38.0172264407,36.9709347066,2.83579151037,53.1055668722,104.675454504,0.239489287983,6.95362345615,0.640962371378,0.00042446855518,2994.46847825
2.122,844,0,0,0,7,0,-38.1019026767,36.9057112643,2.82996310391,53.1205723113,104.659833449,0.242479118532,7.00025003356,0.640962371378,0.000424444363193,2994.40405307
2.123,844,0,0,0,7,0,-38.1864971407,36.8404086288,2.82412835534,53.1356751418,104.644112049,0.241105125157,6.98770523224,0.640962371378,0.000424674776947,2994.33798583
2.124,844,0,0,0,7,0,-38.2710093589,36.7750272378,2.81828730375,53.1508751482,104.628290488,0.242737980539,7.10789545342,0.640962371378,0.000424415671022,2994.26700219
2.125,843,0,0,0,8,0,-38.3279251818,36.7309879168,2.81433421452,53.1612245829,104.624430332,0.24592746585,7.02401942994,0.694727775303,0.000424796972008,2994.20877234
2.126,843,0,0,0,8,0,-38.4397887541,36.6440796114,2.80658129247,53.1816023506,104.608437475,0.245680342154,6.93248952108,0.694727775303,0.000425824333284,2994.10411497
2.127,843,0,0,0,8,0,-38.5240685898,36.5784590447,2.80072813111,53.1971014705,104.592309748,0.249033857688,7.04698304232,0.694727775303,0.000425528599493,2994.02034612
2.128,843,0,0,0,8,0,-38.6082659579,36.5127601867,2.79486870816,53.2126972426,104.576082555,0.249854414295,6.69088853836,0.694727775303,0.000425745868302,2993.93398124
2.129,843,0,0,0,8,0,-38.6923807211,36.4469832187,2.78900303977,53.2283895075,104.559756083,0.248670066171,6.57477760164,0.694727775303,0.000426093364098,2993.84235112
2.13,843,0,0,0,8,0,-38.7764127426,36.3811283218,2.7831311421,53.2441781053,104.543330518,0.251635491676,6.58213362777,0.694727775303,0.000426125471066,2993.74420117
2.131,843,0,0,0,8,0,-38.8603618034,36.3151957428,2.77725303713,53.2600628592,104.526806047,0.248047158849,7.05447050626,0.694727775303,0.000426334023185,2993.63916972
2.132,843,0,0,0,8,0,-38.9442278508,36.2491855986,2.77136873527,53.2760436231,104.510182859,0.247331203345,6.67139135746,0.694727775303,0.0004258804366,2993.52813572
2.133,843,0,0,0,8,0,-39.0280109976,36.1830978758,2.7654782353,53.2921202823,104.493461143,0.24965511533,6.43794544998,0.694727775303,0.000426454855408,2993.41228086
2.134,843,0,0,0,8,0,-39.1117106963,36.1169330823,2.75958158249,53.3082925948,104.476641087,0.255875452511,6.48240328737,0.694727775303,0.000426668687222,2993.29331883
2.135,843,0,0,0,8,0,-39.1953268134,36.0506914011,2.75367879311,53.3245603958,104.459722885,0.255750099821,6.62953467449,0.694727775303,0.000427162492681,2993.16916834
2.136,843,0,0,0,8,0,-39.2788594632,35.9843728189,2.74776986597,53.3409235685,104.442706726,0.254958135111,6.83043671225,0.694727775303,0.00042742202886,2993.0406534
2.137,843,0,0,0,8,0,-39.3623087597,35.9179773222,2.74185479983,53.3573819969,104.425592803,0.255046383069,6.57281569085,0.694727775303,0.00042768805829,2992.90741089
2.138,843,0,0,0,8,0,-39.4456739949,35.8515055523,2.73593365182,53.3739354013,104.408381308,0.256392558699,6.57511055077,0.694727775303,0.000428536363771,2992.76954215
2.139,843,0,0,0,8,0,-39.5289549556,35.7849577588,2.73000644413,53.3905835974,104.391072436,0.255259748848,6.73281626593,0.694727775303,0.000428702470614,2992.62794848
2.14,843,0,0,0,8,0,-39.612152086,35.7183336659,2.72407315217,53.407326532,104.373666382,0.25486623538,7.22125141585,0.694727775303,0.000429066148143,2992.48261988
2.141,843,0,0,0,8,0,-39.6952651735,35.6516335227,2.71813379811,53.4241640213,104.356163341,0.256168588344,6.80137086137,0.694727775303,0.000428408996988,2992.33334167
2.142,843,0,0,0,8,0,-39.7782941699,35.5848574472,2.71218839241,53.4410959139,104.338563511,0.257840853458,6.9994617843,0.694727775303,0.000429839194089,2992.1802211
2.143,843,0,0,0,8,0,-39.861238046,35.5180063481,2.70623701597,53.4581218552,104.320867089,0.25894088685,7.23962790361,0.694727775303,0.000430999465778,2992.02200305
2.144,843,0,0,0,8,0,-39.9440974918,35.4510797511,2.70027962652,53.4752418416,104.303074275,0.255527671672,7.7356578377,0.694727775303,0.000430839786591,2991.85752048
2.145,843,0,0,0,8,0,-40.026872869,35.3840774441,2.69431620515,53.492455805,104.285185267,0.251422440649,7.43529554535,0.694727775303,0.000430280087312,2991.68993513
2.146,843,0,0,0,8,0,-40.1095629072,35.3170005367,2.68834685058,53.5097633363,104.267200265,0.249404576177,7.31025676043,0.694727775303,0.000430999259026,2991.51633443
2.147,843,0,0,0,8,0,-40.1921673181,35.2498493473,2.68237159109,53.527164226,104.24911947,0.245133858913,7.35887363699,0.694727775303,0.000430868830176,2991.33642866
2.148,843,0,0,0,8,0,-40.2746872789,35.1826230013,2.67639034886,53.5446585755,104.230943083,0.24574416078,7.22356919745,0.694727775303,0.000430700758702,2991.15201585
2.149,843,0,0,0,8,0,-40.3571220125,35.115322214,2.67040318746,53.5622460742,104.212671305,0.243722454392,7.08411523296,0.694727775303,0.000431022078626,2990.96336565
2.15,843,0,0,0,8,0,-40.439471394,35.047947171,2.66441012337,53.5799265475,104.194304339,0.243729200762,6.98639194584,0.694727775303,0.000431189120418,2990.77231005
2.151,843,0,0,0,8,0,-40.5217352993,34.9804980578,2.65841117306,53.5976998201,104.175842386,0.242143942199,6.9624762471,0.694727775303,0.000430044372635,2990.57692324
2.152,843,0,0,0,8,0,-40.6039136048,34.9129750603,2.65240635303,53.615565716,104.15728565,0.24368919529,6.94214242133,0.694727775303,0.000430085373899,2990.3746867
2.153,843,0,0,0,8,0,-40.6860060254,34.845378498,2.64639569163,53.633524023,104.138634336,0.245337964233,6.86240970864,0.694727775303,0.000430204482731,2990.1659017
2.154,843,0,0,0,8,0,-40.768012702,34.7777083405,2.64037918612,53.6515746212,104.119888649,0.241551116284,7.72936414372,0.694727775303,0.000430483334258,2989.95239934
2.155,843,0,0,0,8,0,-40.8499335326,34.7099647573,2.63435685153,53.6697173375,104.101048794,0.243656189645,6.86599457362,0.694727775303,0.000430240360262,2989.73404926
2.156,843,0,0,0,8,0,-40.9317683756,34.6421479514,2.62832870587,53.6879519895,104.082114978,0.243530869777,6.73670362838,0.694727775303,0.000430601807238,2989.51120235
2.157,843,0,0,0,8,0,-41.0135168482,34.574258327,2.622294785,53.7062783393,104.063087407,0.245822663195,6.7585520619,0.694727775303,0.000430907376202,2989.28408839
2.158,843,0,0,0,8,0,-41.0951789918,34.5062959372,2.6162550936,53.7246962428,104.043966289,0.24407574709,6.89481277966,0.694727775303,0.000430710852156,2989.05231264
2.159,843,0,0,0,8,0,-41.176754365,34.4382612373,2.6102096721,53.7432054461,104.024751834,0.243122554344,7.06794060701,0.694727775303,0.000431044251317,2988.81934343
2.16,843,0,0,0,8,0,-41.2582434124,34.3701539451,2.60415849534,53.7618058956,104.005444249,0.244228119392,7.98722900287,0.694727775303,0.000432088094965,2988.58605353
2.161,843,0,0,0,8,0,-41.3396459349,34.3019743146,2.59810158586,53.7804973922,103.986043746,0.2470931574,7.09415205154,0.694727775303,0.000431795146234,2988.35100503
2.162,843,0,0,0,8,0,-41.4209618946,34.2337224658,2.59203895425,53.7992797729,103.966550534,0.25020226051,7.03153463612,0.694727775303,0.000432906868989,2988.11422765
2.163,843,0,0,0,8,0,-41.5021906134,34.1653990575,2.585970659,53.8181527249,103.946964823,0.25093701948,6.86128356441,0.694727775303,0.000432986072556,2987.8731698
2.164,843,0,0,0,8,0,-41.5833319755,34.097004278,2.57989671675,53.8371160631,103.927286827,0.254256432852,6.9445018214,0.694727775303,0.000433360912532,2987.62617798
2.165,843,0,0,0,8,0,-41.6643862654,34.0285379783,2.57381711422,53.8561696962,103.907516758,0.257757433258,8.42228635559,0.694727775303,0.000433411833704,2987.37429985
2.166,843,0,0,0,8,0,-41.7453537669,33.9600000083,2.56773183802,53.8753135349,103.887654829,0.262219534369,7.03047932985,0.694727775303,0.000432873117136,2987.11747375
2.167,843,0,0,0,8,0,-41.8262339656,33.8913908936,2.56164093477,53.8945473005,103.86770125,0.262574896032,7.04579149246,0.694727775303,0.000433532574062,2986.8550976
2.168,843,0,0,0,8,0,-41.9070257115,33.8227117029,2.55554449929,53.9138705586,103.847656238,0.262368656395,7.04545488748,0.694727775303,0.000434140454312,2986.58883561
2.169,843,0,0,0,8,0,-41.9877304851,33.7539612703,2.54944242801,53.933283503,103.827520007,0.264935642478,7.10372859517,0.694727775303,0.000433711031261,2986.31753815
2.17,843,0,0,0,8,0,-42.0683474962,33.6851403603,2.54333478874,53.9527857854,103.807292772,0.260728542204,8.03164374437,0.694727775303,0.000433521172226,2986.04065034
2.171,843,0,0,0,8,0,-42.148876752,33.6162490596,2.53722158911,53.9723772469,103.786974748,0.259456390529,7.02622817115,0.694727775303,0.000432256401716,2985.75977861
2.172,843,0,0,0,8,0,-42.2293180215,33.547287659,2.53110285487,53.9920576705,103.766566153,0.258873788823,6.9876881022,0.694727775303,0.000433001528079,2985.47248246
2.173,843,0,0,0,8,0,-42.3096712336,33.4782563134,2.5249785997,54.0118268771,103.746067201,0.258916657932,6.81113887597,0.694727775303,0.000432472545092,2985.18480243
2.174,843,0,0,0,8,0,-42.3899361193,33.4091553481,2.51884885239,54.031684638,103.72547811,0.258849690053,6.79137886826,0.694727775303,0.000432787469267,2984.89703319
2.175,843,0,0,0,8,0,-42.4701128856,33.3399846799,2.5127136055,54.0516308416,103.704799098,0.258647789472,6.7581963842,0.694727775303,0.000432970290831,2984.60732933
2.176,843,0,0,0,8,0,-42.5502014228,33.2707444976,2.50657287571,54.0716652982,103.684030382,0.256673172477,6.5781829662,0.694727775303,0.000433243134819,2984.31389249
2.177,843,0,0,0,8,0,-42.6302013063,33.2014352638,2.50042670399,54.091787738,103.663172179,0.254750655556,6.64671245854,0.694727775303,0.000433897481773,2984.01392586
2.178,843,0,0,0,8,0,-42.7101122709,33.1320573051,2.49427511921,54.1119979286,103.642224711,0.253835165,6.79117196869,0.694727775303,0.000434682612882,2983.71083762
2.179,843,0,0,0,8,0,-42.7899348395,33.0626102638,2.48811808959,54.1322958376,103.621188195,0.253648054587,7.08024975128,0.694727775303,0.00043456811048,2983.40378114
2.18,843,0,0,0,8,0,-42.86966859,32.9930946032,2.48195565615,54.152681193,103.600062852,0.248726648704,6.66641154436,0.694727775303,0.000433863530627,2983.09000264
2.181,843,0,0,0,8,0,-42.9493137303,32.9235102386,2.4757878113,54.173153883,103.578848901,0.248731581305,6.6848008219,0.694727775303,0.000435387861025,2982.77124382
2.182,843,0,0,0,8,0,-43.0288692128,32.8538581837,2.46961464482,54.193713471,103.557546563,0.248745539573,6.74093589342,0.694727775303,0.00043659359894,2982.44835496
2.183,843,0,0,0,8,0,-43.1083358739,32.7841378045,2.46343610045,54.2143600057,103.536156061,0.249980993595,6.89957722891,0.694727775303,0.000437001054568,2982.11887013
2.184,843,0,0,0,8,0,-43.1877136086,32.7143492905,2.45725219491,54.2350932939,103.514677614,0.249922470955,6.84539380787,0.694727775303,0.000436184075255,2981.78432542
2.185,843,0,0,0,8,0,-43.2670016868,32.6444933825,2.45106299375,54.255912977,103.493111446,0.254161736559,6.88309621405,0.694727775303,0.000435997379792,2981.4459173
2.186,843,0,0,0,8,0,-43.3462003183,32.5745699953,2.44486848937,54.276818941,103.471457779,0.254404752292,6.91651396533,0.694727775303,0.000435774116091,2981.10485839
2.187,843,0,0,0,8,0,-43.4253090884,32.5045795955,2.43866872301,54.2978109066,103.449716836,0.254032234866,7.06257495405,0.694727775303,0.000437233634381,2980.76007538
2.188,843,0,0,0,8,0,-43.5043283631,32.4345219595,2.43246367478,54.3188888012,103.42788884,0.251831536541,7.24622525789,0.694727775303,0.000438490849749,2980.41192571
2.189,843,0,0,0,8,0,-43.583257885,32.3643974157,2.42625337371,54.3400523867,103.405974013,0.252241802396,7.49468069694,0.694727775303,0.000438327964617,2980.05826672
2.19,843,0,0,0,8,0,-43.6620977087,32.2942060164,2.42003782433,54.3613015078,103.38397258,0.252272698523,7.34507327019,0.694727775303,0.000440679509735,2979.69938006
2.191,843,0,0,0,8,0,-43.7408475781,32.2239480905,2.4138170557,54.3826359251,103.361884765,0.252441241839,7.29874592121,0.694727775303,0.000438484763127,2979.33771115
2.192,843,0,0,0,8,0,-43.8195073934,32.1536238286,2.40759108463,54.4040554403,103.339710793,0.253287044425,7.32547995576,0.694727775303,0.000437728467346,2978.97300769
2.193,843,0,0,0,8,0,-43.8980770557,32.0832334217,2.40135992792,54.4255598545,103.317450889,0.247318847312,7.3445188536,0.694727775303,0.000437996276449,2978.60146845
2.194,843,0,0,0,8,0,-43.9765564662,32.0127770604,2.39512360238,54.4471489687,103.295105278,0.251734432327,7.38868550961,0.694727775303,0.000438364508112,2978.22278208
2.195,843,0,0,0,8,0,-44.0549453725,31.9422550749,2.38888213713,54.4688225402,103.272674185,0.252070756596,7.62049546084,0.694727775303,0.000439036417106,2977.83928489
2.196,843,0,0,0,8,0,-44.1332439863,31.871667378,2.38263552439,54.4905804543,103.250157838,0.251014139733,7.8107512101,0.694727775303,0.000438530279118,2977.45058208
2.197,843,0,0,0,8,0,-44.2114520563,31.8010142996,2.37638379327,54.5124224681,103.227556463,0.251578454038,7.32469179477,0.694727775303,0.000437638550875,2977.05701131
2.198,842,0,0,0,9,0,-44.2754493932,31.7431390404,2.37122894225,54.530404563,103.214425797,0.257030366991,7.50059424929,0.746428230803,0.000438120522761,2976.72514403
2.199,842,0,0,0,9,0,-44.3675975658,31.6595477968,2.36383331831,54.5563780727,103.191671177,0.255263186528,6.94204153336,0.746428230803,0.000437756364262,2976.25322375
2.2,842,0,0,0,9,0,-44.4455417305,31.5886943652,2.35756532129,54.5784747465,103.168814526,0.253488842757,6.90439200762,0.746428230803,0.000440662059966,2975.84961019
2.201,842,0,0,0,9,0,-44.5233946631,31.5177765967,2.35129229801,54.6006546609,103.145873732,0.250355805382,6.94623968419,0.746428230803,0.00044152889701,2975.44260367
2.202,842,0,0,0,9,0,-44.6011568839,31.4467941231,2.34501421583,54.622917788,103.122849024,0.250622591078,7.06064800638,0.746428230803,0.00044140985867,2975.03451712
2.203,842,0,0,0,9,0,-44.6788279926,31.3757474154,2.33873111631,54.6452638378,103.099740633,0.254192672589,7.27054934648,0.746428230803,0.000441135006172,2974.62668904
2.204,842,0,0,0,9,0,-44.7564077434,31.3046368054,2.3324430287,54.6676925623,103.076548787,0.251308479809,7.30087983604,0.746428230803,0.000440345854127,2974.21693178
2.205,842,0,0,0,9,0,-44.8338963502,31.2334622039,2.32614994503,54.6902038463,103.053273718,0.252715177037,7.12522518364,0.746428230803,0.00044061113994,2973.80300441
2.206,842,0,0,0,9,0,-44.9112937212,31.1622238022,2.31985188211,54.7127974862,103.029915654,0.253426786408,7.07793140447,0.746428230803,0.000440363157847,2973.38425875
2.207,842,0,0,0,9,0,-44.9885994601,31.0909220726,2.31354888163,54.7354731882,103.006474829,0.253939995774,6.94520388678,0.746428230803,0.000440334879055,2972.958147
2.208,842,0,0,0,9,0,-45.0658139337,31.0195567849,2.30724092312,54.7582308819,102.982951471,0.25383377397,6.81141106729,0.746428230803,0.00044087513247,2972.51969141
2.209,842,0,0,0,9,0,-45.1429364433,30.9481286934,2.30092807318,54.7810701825,102.959345813,0.259534722237,6.79901552644,0.746428230803,0.000442093767975,2972.07572834
2.21,842,0,0,0,9,0,-45.2199665963,30.8766382724,2.29461037361,54.8039907921,102.935658087,0.25722762329,6.91521155197,0.746428230803,0.000443533130512,2971.62441275
2.211,842,0,0,0,9,0,-45.2969055196,30.8050845853,2.28828774155,54.8269928662,102.911888526,0.257613848438,7.12586550776,0.746428230803,0.000444067298288,2971.1658763
2.212,842,0,0,0,9,0,-45.3737525175,30.7334683878,2.28196024369,54.8500760184,102.88803736,0.255305253506,7.26833320938,0.746428230803,0.000443481087985,2970.70177596
2.213,842,0,0,0,9,0,-45.4505075025,30.6617898716,2.27562789685,54.8732400418,102.864104821,0.256338624056,7.40079140712,0.746428230803,0.000442614687763,2970.23428495
2.214,842,0,0,0,9,0,-45.5271703877,30.5900492283,2.26929071786,54.8964847295,102.840091141,0.258568564165,7.42766067325,0.746428230803,0.000441543968382,2969.76418302
2.215,842,0,0,0,9,0,-45.6037409358,30.5182467912,2.26294873607,54.9198098278,102.815996555,0.258062937714,7.40640836548,0.746428230803,0.000442616800192,2969.28723162
2.216,842,0,0,0,9,0,-45.6802195138,30.446382327,2.25660193076,54.9432152673,102.791821293,0.259782268897,7.28545711425,0.746428230803,0.000442121594114,2968.80772024
2.217,842,0,0,0,9,0,-45.7566055841,30.3744564525,2.2502503563,54.9667007017,102.76756559,0.259014300586,7.20956183264,0.746428230803,0.000442032982999,2968.32574842
2.218,842,0,0,0,9,0,-45.8328992127,30.3024692176,2.24389401701,54.9902659685,102.743229679,0.259307672652,7.13965782768,0.746428230803,0.000442210269217,2967.84031354
2.219,842,0,0,0,9,0,-45.9091003157,30.2304208142,2.2375329297,55.0139108591,102.718813794,0.259901829852,7.125355957,0.746428230803,0.000442432415357,2967.35059509
2.22,842,0,0,0,9,0,-45.9852088097,30.1583114338,2.23116711119,55.0376351644,102.694318167,0.257310887125,7.10282277211,0.746428230803,0.000443132499095,2966.85444019
2.221,842,0,0,0,9,0,-46.0612243119,30.0861415529,2.22479660343,55.0614385807,102.669743034,0.254616349673,7.11577654234,0.746428230803,0.00044423109848,2966.35287311
2.222,842,0,0,0,9,0,-46.1371473397,30.0139107938,2.21842137298,55.0853210862,102.645088628,0.249807892696,7.14849176074,0.746428230803,0.000444614336893,2965.8463611
2.223,842,0,0,0,9,0,-46.2129775116,29.9416196329,2.21204146177,55.1092823774,102.620355183,0.242904197024,7.04120523604,0.746428230803,0.000445550703418,2965.33467074
2.224,842,0,0,0,9,0,-46.2887147463,29.869268262,2.20565688663,55.1333222441,102.595542934,0.239257291601,7.05705756732,0.746428230803,0.000445686378272,2964.818019
2.225,842,0,0,0,9,0,-46.3643589633,29.7968568726,2.19926766436,55.1574404756,102.570652115,0.232402238807,7.00924709088,0.746428230803,0.000446593043121,2964.2954685
2.226,842,0,0,0,9,0,-46.4399100825,29.7243856565,2.19287381175,55.1816368612,102.545682962,0.232939297599,7.14864064489,0.746428230803,0.00044693966987,2963.7665944
2.227,842,0,0,0,9,0,-46.5153683221,29.6518545193,2.18647532038,55.2059112859,102.520635711,0.230280097836,7.45554900986,0.746428230803,0.000447420366266,2963.23257782
2.228,842,0,0,0,9,0,-46.590733008,29.5792642248,2.18007225751,55.2302633468,102.495510596,0.226876740194,7.50883645468,0.746428230803,0.000448856966333,2962.69798383
2.229,842,0,0,0,9,0,-46.6660043595,29.5066146786,2.1736646147,55.2546929276,102.470307853,0.230845448599,7.37999958876,0.746428230803,0.000449380248897,2962.16344281
2.23,842,0,0,0,9,0,-46.7411822987,29.4339060722,2.16725240875,55.2791998165,102.445027719,0.229083723662,7.35673595726,0.746428230803,0.000448505601496,2961.62782071
2.231,842,0,0,0,9,0,-46.8162661561,29.3611391714,2.16083570704,55.3037836065,102.419670431,0.231799473493,7.47408091647,0.746428230803,0.0004486755726,2961.09085232
2.232,842,0,0,0,9,0,-46.8912570398,29.2883130195,2.15441442514,55.3284444731,102.394236226,0.229732124981,7.45110202629,0.746428230803,0.000448667292888,2960.55164276
2.233,842,0,0,0,9,0,-46.9661542813,29.2154283822,2.14798863042,55.3531820105,102.368725341,0.230511123038,7.37475867475,0.746428230803,0.000448603990831,2960.00942697
2.234,842,0,0,0,9,0,-47.0409578052,29.1424854511,2.14155833967,55.3779960058,102.343138012,0.227794683672,7.2865845526,0.746428230803,0.000449157786028,2959.46438701
2.235,842,0,0,0,9,0,-47.1156675364,29.0694844175,2.13512356965,55.4028862457,102.317474476,0.230069111188,7.2576124711,0.746428230803,0.000449602014487,2958.91414573
2.236,842,0,0,0,9,0,-47.1902834005,28.996425473,2.12868433712,55.427852517,102.291734972,0.226848949087,7.31508168026,0.746428230803,0.000449465640851,2958.3578777
2.237,842,0,0,0,9,0,-47.2648053238,28.923308809,2.12224065885,55.4528946059,102.265919735,0.226164246689,7.43051958965,0.746428230803,0.00044918063639,2957.79563472
2.238,842,0,0,0,9,0,-47.3392332328,28.8501346169,2.11579255158,55.4780122986,102.240029003,0.224648992282,7.67700373257,0.746428230803,0.000448869343717,2957.22863095
2.239,842,0,0,0,9,0,-47.4135669083,28.7769032324,2.10934004479,55.5032053312,102.214063014,0.226777806955,7.76905194574,0.746428230803,0.000449372785126,2956.65975083
2.24,842,0,0,0,9,0,-47.4878067177,28.7036144135,2.10288311704,55.5284736388,102.188022003,0.225693196939,7.56812255922,0.746428230803,0.000449447108626,2956.08732448
2.241,842,0,0,0,9,0,-47.5619521499,28.6302687849,2.09642182326,55.5538168578,102.16190621,0.229352380972,7.52410713164,0.746428230803,0.000449917960264,2955.50658516
2.242,842,0,0,0,9,0,-47.6360032803,28.5568663934,2.08995616745,55.579234823,102.13571587,0.232843791588,7.50892326124,0.746428230803,0.000451468061078,2954.91695
2.243,842,0,0,0,9,0,-47.7099597466,28.4834077198,2.08348619186,55.6047272187,102.109451223,0.236326479593,7.62521703843,0.746428230803,0.000452699242458,2954.3239433
2.244,842,0,0,0,9,0,-47.7838220623,28.4098923758,2.07701186216,55.6302940309,102.083112506,0.239718082226,7.60338960154,0.746428230803,0.000453640013384,2953.72994522
2.245,842,0,0,0,9,0,-47.8575898662,28.3363208422,2.07053322059,55.655934944,102.056699957,0.243494064049,7.73985044207,0.746428230803,0.00045230260283,2953.1316984
2.246,842,0,0,0,9,0,-47.9312630895,28.26269331,2.06405028386,55.6816497427,102.030213815,0.243807708717,7.38856813909,0.746428230803,0.000452561036991,2952.52623753
2.247,842,0,0,0,9,0,-48.004841954,28.1890096796,2.05756304307,55.7074383132,102.003654316,0.245273483673,7.33087071026,0.746428230803,0.000452988345522,2951.91438126
2.248,842,0,0,0,9,0,-48.0783253767,28.1152711595,2.0510716045,55.7333000829,101.977021699,0.246941399512,7.51343003623,0.746428230803,0.000453130473529,2951.30012596
2.249,842,0,0,0,9,0,-48.151714595,28.0414766317,2.04457586962,55.7592352943,101.950316201,0.250522861756,7.26024042912,0.746428230803,0.000450909398709,2950.68331574
2.25,841,0,0,0,8,0,-48.2024661423,27.9905688836,2.04007745338,55.7773395264,101.959108452,0.253205963858,7.12350186997,0.73715364339,0.000451384563496,2950.23932943
2.251,841,0,0,0,8,0,-48.2982867957,27.8937963281,2.03158438854,55.8114299773,101.932299971,0.254562897965,6.84705630611,0.73715364339,0.000449512864924,2949.41612077
2.252,841,0,0,0,8,0,-48.3713886474,27.819817525,2.02509239419,55.8375723506,101.905391651,0.258582028164,6.65540125463,0.73715364339,0.000448949964492,2948.78477733
2.253,841,0,0,0,8,0,-48.4444139099,27.7457653783,2.01859458202,55.8637938166,101.878411306,0.26268408586,6.48568463843,0.73715364339,0.00044928370507,2948.15244359
2.254,841,0,0,0,8,0,-48.5173486624,27.671654082,2.01209219758,55.8900892455,101.851359146,0.265179156661,6.41421101866,0.73715364339,0.000450070147148,2947.51825065
2.255,841,0,0,0,8,0,-48.5901790387,27.5974978608,2.0055864888,55.9164534315,101.824235414,0.266048378943,6.41694528053,0.73715364339,0.000450584469049,2946.87907371
2.256,841,0,0,0,8,0,-48.6629233622,27.5232781837,1.99907582984,55.9428928132,101.797040349,0.267505418994,6.42904136973,0.73715364339,0.0004509215049,2946.23512046
2.257,841,0,0,0,8,0,-48.7355723765,27.4490046019,1.99256105851,55.9694038567,101.769774177,0.267992128731,6.38409658512,0.73715364339,0.000451242050462,2945.58658473
2.258,841,0,0,0,8,0,-48.8081168617,27.374686687,1.98604301417,55.9959829778,101.742437147,0.271663990164,6.46525305581,0.73715364339,0.000451834649656,2944.93298239
2.259,841,0,0,0,8,0,-48.8805659253,27.3003152547,1.97952089115,56.0226332935,101.715029509,0.277256989024,6.47580305017,0.73715364339,0.000451726803443,2944.27797458
2.26,841,0,0,0,8,0,-48.952919506,27.2258904952,1.972994706,56.0493545861,101.687551501,0.275438570057,6.57957493155,0.73715364339,0.000451750895837,2943.6193264
2.261,841,0,0,0,8,0,-49.0251821034,27.1514078978,1.96646406314,56.0761483344,101.660003356,0.278064766014,6.6638928875,0.73715364339,0.000451866249469,2942.95515623
2.262,841,0,0,0,8,0,-49.0973581999,27.0768629418,1.95992856619,56.1030160416,101.632385295,0.2766219218,6.65870116264,0.73715364339,0.000452130900536,2942.28454983
2.263,841,0,0,0,8,0,-49.1694249688,27.0022793406,1.953390294,56.1299490022,101.604697561,0.280342460758,6.62708759351,0.73715364339,0.000452595102576,2941.60821382
2.264,841,0,0,0,8,0,-49.2413960145,26.927643172,1.94684802588,56.1569520673,101.57694041,0.284328832995,6.64247398685,0.73715364339,0.00045241204739,2940.92846293
2.265,841,0,0,0,8,0,-49.3132758147,26.8529499117,1.94030136517,56.1840267329,101.549114073,0.288020068712,6.70114328306,0.73715364339,0.000452735314989,2940.24700118
2.266,841,0,0,0,8,0,-49.3850597688,26.7782044599,1.93375074131,56.2111710819,101.521218783,0.28996785136,6.78619681002,0.73715364339,0.000452984646789,2939.5639848
2.267,841,0,0,0,8,0,-49.4567523434,26.7034022857,1.92719575713,56.2383866188,101.493254773,0.290273530228,6.84856285585,0.73715364339,0.000453600057204,2938.87877448
2.268,841,0,0,0,8,0,-49.5283399144,26.6285577436,1.92063767037,56.2656679623,101.465222285,0.286425543009,6.80714727291,0.73715364339,0.000454237073018,2938.19177541
2.269,841,0,0,0,8,0,-49.5998314738,26.5536615817,1.91407567019,56.2930183175,101.437121568,0.290070545909,6.83784881106,0.73715364339,0.000454325825219,2937.50142479
2.27,841,0,0,0,8,0,-49.6712449901,26.4786950679,1.90750811542,56.3204444103,101.408952839,0.291507926481,6.84021814606,0.73715364339,0.000454055035873,2936.80911718
2.271,841,0,0,0,8,0,-49.7425443585,26.4036962341,1.90093833778,56.3479321772,101.380716335,0.297216772003,6.73394666849,0.73715364339,0.000453675268281,2936.11464746
2.272,841,0,0,0,8,0,-49.8137430544,26.3286510849,1.89436511101,56.3754865541,101.35241232,0.296708122813,6.6428274665,0.73715364339,0.000453214074871,2935.41645898
2.273,841,0,0,0,8,0,-49.8848544993,26.2535455955,1.88778720659,56.4031125496,101.324041026,0.294696485198,6.580489039,0.73715364339,0.000453859131658,2934.71609175
2.274,841,0,0,0,8,0,-49.955869651,26.1783894285,1.88120547075,56.4308064773,101.295602681,0.290719026735,6.57683763236,0.73715364339,0.000453951613154,2934.0109943
2.275,841,0,0,0,8,0,-50.0267839803,26.1031875188,1.87462033553,56.4585663603,101.267097526,0.288964435288,6.50791507858,0.73715364339,0.000454421658989,2933.3008566
2.276,841,0,0,0,8,0,-50.0976063857,26.0279305625,1.8680309861,56.4863954834,101.2385258,0.285225687755,6.49550549248,0.73715364339,0.000455694194442,2932.58450657
2.277,841,0,0,0,8,0,-50.1683323388,25.9526234945,1.86143785449,56.5142918808,101.209887735,0.286684043878,6.54449180023,0.73715364339,0.000456813977233,2931.86205026
2.278,841,0,0,0,8,0,-50.2389617876,25.8772665031,1.85484095706,56.542255333,101.181183568,0.289015137264,6.63169370537,0.73715364339,0.000457459683535,2931.13466965
2.279,841,0,0,0,8,0,-50.309492455,25.8018621562,1.8482405185,56.5702847334,101.15241354,0.287746921334,6.7922666958,0.73715364339,0.000458096696707,2930.40264229
2.28,841,0,0,0,8,0,-50.3799287412,25.7264058829,1.84163613858,56.5983816314,101.123577888,0.286536075504,6.79498444867,0.73715364339,0.000457116421849,2929.66712379
2.281,841,0,0,0,8,0,-50.4502705899,25.6508978683,1.83502783343,56.6265458172,101.094676842,0.28904273193,6.77493612016,0.73715364339,0.000456326090818,2928.92662854
2.282,841,0,0,0,8,0,-50.5205135116,25.5753430655,1.82841603643,56.6547752938,101.065710641,0.286425421799,6.90558740565,0.73715364339,0.000456946905828,2928.18134308
2.283,841,0,0,0,8,0,-50.5906549728,25.4997443495,1.821800999,56.6830688243,101.036679528,0.289265390776,6.98579273241,0.73715364339,0.000457060528662,2927.43245799
2.284,841,0,0,0,8,0,-50.6607046083,25.4240914702,1.81518182413,56.7114300961,101.00758374,0.289656397612,6.82496626886,0.73715364339,0.000458334358835,2926.68027258
2.285,841,0,0,0,8,0,-50.7306571132,25.3483902817,1.80855902395,56.7398567742,100.978423507,0.286983026439,6.82131328274,0.73715364339,0.000458561012915,2925.92476451
2.286,841,0,0,0,8,0,-50.8005171246,25.2726358924,1.80193217044,56.768350554,100.949199062,0.286832452367,6.75531355017,0.73715364339,0.000458078726584,2925.16546797
2.287,841,0,0,0,8,0,-50.870271375,25.1968428347,1.79530253472,56.7969058118,100.919910644,0.287441229837,6.71584729996,0.73715364339,0.000457817224529,2924.4018938
2.288,841,0,0,0,8,0,-50.9399330312,25.1209969479,1.788668878,56.825527725,100.890558496,0.284050488796,6.64252395983,0.73715364339,0.000458488982729,2923.63490301
2.289,841,0,0,0,8,0,-51.0094976442,25.0451032025,1.78203163496,56.8542142772,100.861142848,0.28458112474,6.70329983894,0.73715364339,0.000459010425558,2922.86574139
2.29,841,0,0,0,8,0,-51.0789651679,24.9691617858,1.77539082185,56.8829652486,100.831663935,0.283235273476,6.70569186459,0.73715364339,0.000459389186842,2922.09532609
2.291,841,0,0,0,8,0,-51.1483355569,24.8931728844,1.76874645488,56.9117804195,100.802121993,0.280971297403,6.85023526058,0.73715364339,0.000459460812371,2921.32451318
2.292,841,0,0,0,8,0,-51.2176043941,24.8171414838,1.76209896985,56.9406577419,100.772517262,0.28207394799,6.89376289026,0.73715364339,0.000459855957695,2920.55450927
2.293,841,0,0,0,8,0,-51.286780379,24.7410581732,1.75544754382,56.9696006415,100.742849977,0.281438609421,6.87736678606,0.73715364339,0.000460662015774,2919.7835287
2.294,841,0,0,0,8,0,-51.3558569157,24.66493034,1.74879282256,56.9986061633,100.71312037,0.281443336003,6.96788075413,0.73715364339,0.000461522941302,2919.01159352
2.295,841,0,0,0,8,0,-51.424840497,24.5887509621,1.74213419212,57.0276768382,100.683328675,0.283339118482,6.8072120822,0.73715364339,0.00046158286065,2918.23502725
2.296,841,0,0,0,8,0,-51.4937223729,24.5125298408,1.73547250911,57.0568087773,100.653475126,0.283011033364,6.78438272557,0.73715364339,0.000460986941914,2917.45584222
2.297,841,0,0,0,8,0,-51.5625090249,24.4362599478,1.72880715913,57.086004514,100.623559961,0.282591409074,6.77375589487,0.73715364339,0.000460379679652,2916.67473537
2.298,841,0,0,0,8,0,-51.6311960696,24.3599462824,1.72213857897,57.1152619862,100.593583414,0.281490383094,6.75674354956,0.73715364339,0.000461250800031,2915.89255597
2.299,841,0,0,0,8,0,-51.6997878005,24.2835842141,1.71546636386,57.1445828207,100.563545721,0.279012706269,6.70529570974,0.73715364339,0.00046286887958,2915.11006401
2.3,841,0,0,0,8,0,-51.7682820089,24.2071763365,1.70879074036,57.1739658773,100.533447112,0.272295805256,6.78932460098,0.73715364339,0.000464409888176,2914.32523374
2.301,841,0,0,0,8,0,-51.8366786542,24.1307228351,1.70211172455,57.2034109365,100.503287822,0.267670555998,6.95396223905,0.73715364339,0.000465046499416,2913.5367846
2.302,841,0,0,0,8,0,-51.9049755409,24.0542263092,1.69542954338,57.2329168448,100.473068087,0.269435034279,6.92992870315,0.73715364339,0.000464552984029,2912.74621461
2.303,841,0,0,0,8,0,-51.9731790918,23.9776797005,1.68874358019,57.2624861808,100.44278814,0.273398316013,6.92956268875,0.73715364339,0.000464888782187,2911.95514647
2.304,841,0,0,0,8,0,-52.0412795847,23.9010940641,1.68205480048,57.292114524,100.412448213,0.272360591566,7.1150397894,0.73715364339,0.000464689580731,2911.16354015
2.305,841,0,0,0,8,0,-52.1092850436,23.8244605236,1.67536242885,57.3218051553,100.382048545,0.267267936647,7.01305723305,0.73715364339,0.000463477735241,2910.36878399
2.306,841,0,0,0,8,0,-52.1771927439,23.7477822845,1.66866674518,57.3515566901,100.351589364,0.265941162068,6.94577954209,0.73715364339,0.000463986571443,2909.56909857
2.307,841,0,0,0,8,0,-52.2450023802,23.6710598342,1.6619677919,57.381368791,100.321070904,0.263988185842,7.0096489614,0.73715364339,0.000465224633798,2908.76450352
2.308,841,0,0,0,8,0,-52.3127157857,23.5942912376,1.65526539994,57.4112420648,100.290493397,0.25828177389,6.81723628098,0.73715364339,0.000466349340533,2907.95349473
2.309,841,0,0,0,8,0,-52.3803289182,23.5174812216,1.6485599819,57.4411745231,100.259857075,0.256069340147,6.76796897775,0.73715364339,0.000464791672319,2907.13622714
2.31,841,0,0,0,8,0,-52.4478452103,23.4406260324,1.64185120993,57.4711674789,100.229162173,0.256872279553,6.71587525443,0.73715364339,0.00046439597339,2906.31330304
2.311,841,0,0,0,8,0,-52.5152640912,23.3637264591,1.63513915283,57.5012204799,100.19840892,0.256334630455,6.70082462385,0.73715364339,0.000464695448676,2905.48574552
2.312,841,0,0,0,8,0,-52.5825839306,23.2867845058,1.62842398541,57.5313325947,100.16759755,0.260498781097,6.75761251539,0.73715364339,0.00046513576622,2904.65503224
2.313,841,0,0,0,8,0,-52.6498078784,23.2097967135,1.62170540568,57.5615050319,100.136728292,0.2535088724,6.75065458454,0.73715364339,0.000465601715078,2903.82302636
2.314,841,0,0,0,8,0,-52.7169305983,23.1327693395,1.61498395959,57.5917351902,100.105801378,0.25075503041,6.71886634673,0.73715364339,0.000466656489182,2902.98975575
2.315,841,0,0,0,8,0,-52.7839573533,23.0556964911,1.60825913281,57.6220252335,100.074817041,0.24997558699,6.8547417097,0.73715364339,0.000466977571937,2902.15747198
2.316,841,0,0,0,8,0,-52.8508844076,22.9785826071,1.60153131256,57.6523732715,100.043775511,0.246467350112,6.97678640058,0.73715364339,0.000468007652079,2901.32409147
2.317,841,0,0,0,8,0,-52.9177143686,22.9014248289,1.59480024932,57.6827802817,100.012677019,0.244785752957,7.11043344032,0.73715364339,0.000468633192236,2900.48556247
2.318,841,0,0,0,8,0,-52.9844461476,22.8242245561,1.58806606508,57.7132455679,99.9815217913,0.244154039335,7.08805603212,0.73715364339,0.000468467545531,2899.6410924
2.319,841,0,0,0,8,0,-53.0510797124,22.7469819711,1.58132877567,57.7437689118,99.9503100593,0.241609632808,6.93508215224,0.73715364339,0.000467752632794,2898.79294669
2.32,841,0,0,0,8,0,-53.1176155559,22.6696966467,1.57458834371,57.7743503369,99.9190420516,0.246724273107,6.79308323753,0.73715364339,0.000468491065415,2897.94248035
2.321,841,0,0,0,8,0,-53.1840520729,22.5923705946,1.56784494455,57.8049889001,99.8877179983,0.248569968368,6.74568197234,0.73715364339,0.000468189453353,2897.08951032
2.322,841,0,0,0,8,0,-53.2503913288,22.5150015566,1.56109838116,57.8356853501,99.8563381284,0.246656657828,6.73163673109,0.73715364339,0.00046869975626,2896.23237813
2.323,841,0,0,0,8,0,-53.3166322449,22.4375909348,1.55434877569,57.8664389868,99.8249026696,0.248537016495,6.80778880811,0.73715364339,0.000469212958464,2895.37132319
2.324,841,0,0,0,8,0,-53.3827747911,22.3601389108,1.54759614389,57.8972495921,99.7934118507,0.248280906523,6.9016450553,0.73715364339,0.00047000708952,2894.5058372
2.325,841,0,0,0,8,0,-53.448823106,22.2826407755,1.54084007512,57.9281189017,99.7618658953,0.248062609578,7.11963871183,0.73715364339,0.000471005119078,2893.63693695
2.326,841,0,0,0,8,0,-53.5147646622,22.2051113848,1.53408186434,57.9590408446,99.7302650364,0.248883228442,7.40288233328,0.73715364339,0.000471601235738,2892.76492061
2.327,841,0,0,0,8,0,-53.5806119229,22.1275362428,1.52732024781,57.9900210497,99.698609507,0.248846242045,7.32462941427,0.73715364339,0.000473286588638,2891.88803112
2.328,841,0,0,0,8,0,-53.6463606978,22.0499204236,1.52055566775,58.0210573529,99.66689953,0.250625874022,7.22269565381,0.73715364339,0.000472434842195,2891.00594243
2.329,841,0,0,0,8,0,-53.7120068159,21.972269009,1.51378856692,58.0521475694,99.635135338,0.243483514923,7.25428435701,0.73715364339,0.000471629195731,2890.12050794
2.33,841,0,0,0,8,0,-53.7775585363,21.8945723778,1.50701810675,58.0832954067,99.6033171586,0.238677226217,7.35732861383,0.73715364339,0.0004721023885,2889.23331047
2.331,841,0,0,0,8,0,-53.8430116886,21.8168356112,1.50024472997,58.1144986904,99.571445214,0.242360583326,7.24093746917,0.73715364339,0.000474299154331,2888.34201563
2.332,841,0,0,0,8,0,-53.908370371,21.739053981,1.49346802454,58.1457591815,99.5395197267,0.23907245499,7.22242883464,0.73715364339,0.000475173553843,2887.44560503
2.333,841,0,0,0,8,0,-53.9736221898,21.6612423956,1.48668928921,58.1770707362,99.5075409281,0.239591063085,7.21703244142,0.73715364339,0.000475177148197,2886.54253135
2.334,841,0,0,0,8,0,-54.0387766534,21.583389682,1.47990755047,58.2084376935,99.4755090527,0.239747663421,7.24536168581,0.73715364339,0.000474909397396,2885.63751253
2.335,841,0,0,0,8,0,-54.1038360423,21.5054932532,1.47312258291,58.2398609605,99.4434243207,0.241503004133,7.11141877882,0.73715364339,0.000475694986199,2884.72894255
2.336,841,0,0,0,8,0,-54.168793915,21.4275609694,1.4663350711,58.2713372238,99.4112869564,0.240999813283,7.0621840724,0.73715364339,0.000474171492645,2883.81983794
2.337,841,0,0,0,8,0,-54.2336551167,21.3495871698,1.45954452189,58.3028686246,99.3790971852,0.23768334106,7.07855090377,0.73715364339,0.000473998502597,2882.90870379
2.338,841,0,0,0,8,0,-54.2984165518,21.2715757236,1.45275127216,58.3344534563,99.3468552302,0.23919915858,7.12019492126,0.73715364339,0.000474195417036,2881.9940462
2.339,841,0,0,0,8,0,-54.3630812604,21.1935231164,1.4459550158,58.3660930003,99.3145613142,0.242593231079,7.03941444139,0.73715364339,0.000474445749838,2881.07592274
2.34,841,0,0,0,8,0,-54.4276461572,21.1154332208,1.43915608993,58.397785545,99.2822156598,0.24521274727,7.1364339876,0.73715364339,0.000475077116658,2880.15466263
2.341,841,0,0,0,8,0,-54.4921096968,21.0373080657,1.43235467106,58.4295301176,99.249818495,0.250507583626,7.21534507516,0.73715364339,0.000475972058869,2879.23030688
2.342,841,0,0,0,8,0,-54.5564774504,20.9591410493,1.42555018436,58.4613292583,99.2173700428,0.252190254552,7.02067321781,0.73715364339,0.00047649560537,2878.30644512
2.343,841,0,0,0,8,0,-54.6207478658,20.8809341968,1.4187428061,58.4931820087,99.1848705213,0.253747567532,6.9911699709,0.73715364339,0.000476534919461,2877.3820293
2.344,841,0,0,0,8,0,-54.6849133234,20.8026969432,1.41193335739,58.525084375,99.1523201589,0.256099170402,7.05380536948,0.73715364339,0.0004769098701,2876.45600826
2.345,841,0,0,0,8,0,-54.7489834243,20.7244177401,1.40512083298,58.5570409193,99.1197191813,0.255994576315,7.1178457162,0.73715364339,0.000476875336957,2875.52927031
2.346,841,0,0,0,8,0,-54.8129546044,20.6461010857,1.39830562429,58.589049669,99.0870678067,0.261089894567,6.96749730333,0.73715364339,0.000476933380026,2874.59768129
2.347,841,0,0,0,8,0,-54.876828355,20.5677453029,1.3914875853,58.6211111703,99.0543662553,0.261174876369,6.80912197789,0.73715364339,0.000476608738185,2873.66053417
2.348,841,0,0,0,8,0,-54.9406001236,20.4893561329,1.3846672155,58.6532229292,99.0216147501,0.261509231814,6.74222893322,0.73715364339,0.000477153201964,2872.71761144
2.349,841,0,0,0,8,0,-55.0042749236,20.4109275691,1.37784399214,58.6853872627,98.9888135135,0.264337864606,6.60760314188,0.73715364339,0.000478192474814,2871.76475064
2.35,841,0,0,0,8,0,-55.0678494696,20.3324638094,1.37101828037,58.7176023088,98.9559627657,0.262617352398,6.70942312349,0.73715364339,0.000478239460643,2870.80832551
2.351,841,0,0,0,8,0,-55.1313275026,20.2539603871,1.36418969154,58.7498697622,98.9230627257,0.260578242678,6.69049231733,0.73715364339,0.000478579200169,2869.84778267
2.352,841,0,0,0,8,0,-55.1947032468,20.1754246007,1.35735886044,58.7821864802,98.8901136143,0.265587548338,6.88307506379,0.73715364339,0.000478596461975,2868.88857106
2.353,841,0,0,0,8,0,-55.2579819363,20.0968501215,1.35052523649,58.8145549238,98.8571156526,0.266021854187,6.88232466477,0.73715364339,0.000478708660288,2867.93040407
2.354,841,0,0,0,8,0,-55.3211605567,20.0182408441,1.34368915834,58.8469733494,98.8240690588,0.263770924411,6.92264588659,0.73715364339,0.000479276977407,2866.97283219
2.355,841,0,0,0,8,0,-55.3842410849,19.9395944635,1.33685042545,58.8794425668,98.790974052,0.264584056271,6.94795706605,0.73715364339,0.000478713807267,2866.01493291
2.356,841,0,0,0,8,0,-55.447223501,19.8609111542,1.33000905292,58.911962367,98.7578308483,0.264890869285,6.88903924191,0.73715364339,0.000478132072189,2865.05566539
2.357,841,0,0,0,8,0,-55.5101058016,19.7821935743,1.32316527179,58.944531511,98.7246396662,0.265838259778,6.9451035285,0.73715364339,0.000478819496884,2864.09506908
2.358,841,0,0,0,8,0,-55.5728869832,19.7034431424,1.31631920529,58.9771492661,98.6914007271,0.267094248087,7.12762427327,0.73715364339,0.000479687536401,2863.13529751
2.359,841,0,0,0,8,0,-55.6355690147,19.6246575496,1.30947065257,59.0098164454,98.6581142507,0.264844142092,7.10857238287,0.73715364339,0.000480252793616,2862.17424625
2.36,841,0,0,0,8,0,-55.6981538562,19.545834483,1.30261941255,59.0425338714,98.6247804521,0.263142093443,6.8663483357,0.73715364339,0.000480827346373,2861.21231516
2.361,841,0,0,0,8,0,-55.7606395148,19.4669766034,1.2957657164,59.0753003036,98.5913995456,0.262887590594,6.8360251559,0.73715364339,0.000481192691262,2860.24370507
2.362,841,0,0,0,8,0,-55.8230259763,19.388084085,1.2889095792,59.1081155303,98.5579717476,0.265126605654,6.8811298872,0.73715364339,0.000481906816871,2859.26728651
2.363,841,0,0,0,8,0,-55.8853112614,19.3091595924,1.2820512324,59.1409783002,98.5244972759,0.263089505535,6.76010158392,0.73715364339,0.000481967605769,2858.28591552
2.364,841,0,0,0,8,0,-55.9474992876,19.2301983182,1.27519025817,59.1738904761,98.4909763458,0.265127450666,6.73977918578,0.73715364339,0.000482097589433,2857.30218496
2.365,841,0,0,0,8,0,-56.0095900355,19.1512004338,1.26832667136,59.2068518547,98.4574091682,0.266021790605,6.78171931274,0.73715364339,0.00048253036551,2856.31664386
2.366,841,0,0,0,8,0,-56.071579574,19.072171098,1.26146092009,59.2398601447,98.423795958,0.268813916091,6.78115302154,0.73715364339,0.000482966490095,2855.33114201
2.367,841,0,0,0,8,0,-56.1334659439,18.9931129811,1.25459323622,59.2729140821,98.3901369365,0.266937274227,6.71832961457,0.73715364339,0.000483480704464,2854.34565967
2.368,841,0,0,0,8,0,-56.1952564579,18.9140169004,1.24772282197,59.3060173669,98.3564323183,0.263877168576,6.76422068077,0.73715364339,0.000484612760287,2853.3605669
2.369,841,0,0,0,8,0,-56.25694866,18.8348861461,1.24084996309,59.3391684918,98.3226823124,0.261254645875,6.7380939574,0.73715364339,0.000484403567585,2852.37296234
2.37,841,0,0,0,8,0,-56.3185410782,18.7557227633,1.23397483711,59.3723664632,98.2888871321,0.262648796141,6.61973341297,0.73715364339,0.000485123157169,2851.38509246
2.371,841,0,0,0,8,0,-56.3800322478,18.676528799,1.22709762173,59.4056102806,98.2550469936,0.263752319434,6.51027708948,0.73715364339,0.0004865670765,2850.3974246
2.372,841,0,0,0,8,0,-56.4414251691,18.5973005501,1.22021799528,59.4389013595,98.2211621109,0.264887800404,7.82373288231,0.73715364339,0.000487710901976,2849.403347
2.373,841,0,0,0,8,0,-56.502720501,18.5180373179,1.21333589702,59.4722398613,98.1872326937,0.265053811353,6.53274848942,0.73715364339,0.000486641443418,2848.40831744
2.374,841,0,0,0,8,0,-56.5639175567,18.438740142,1.20645141716,59.5056252165,98.1532589508,0.268979038973,6.6947952123,0.73715364339,0.000486378596661,2847.41167989
2.375,841,0,0,0,8,0,-56.625009478,18.3594180809,1.19956534203,59.5390534663,98.119241099,0.265052791008,6.87405424909,0.73715364339,0.000485139826267,2846.41243124
2.376,841,0,0,0,8,0,-56.6860058985,18.2800587908,1.19267659995,59.5725296726,98.0851793516,0.264529282547,7.13601956424,0.73715364339,0.000485353749742,2845.41131658
2.377,841,0,0,0,8,0,-56.7469029539,18.2006674491,1.18578564028,59.6060515219,98.0510739149,0.26387794451,7.18937103021,0.73715364339,0.000484958587613,2844.4120327
2.378,841,0,0,0,8,0,-56.8076987173,18.1212467326,1.17889269528,59.6396177443,98.016925001,0.263218934217,7.27952036619,0.73715364339,0.000485006693718,2843.4105981
2.379,841,0,0,0,8,0,-56.8683965391,18.0417924262,1.17199739903,59.6732299845,97.9827328201,0.26617794915,7.34087898112,0.73715364339,0.000486258771675,2842.40661122
2.38,841,0,0,0,8,0,-56.9289978413,17.9623028174,1.16509960288,59.7068888388,97.9484975765,0.263907847534,7.18451347975,0.73715364339,0.000488332726157,2841.39934809
2.381,841,0,0,0,8,0,-56.9894954482,17.882787483,1.15820013777,59.7405901139,97.9142194813,0.264916814522,6.8176276457,0.73715364339,0.000489490609594,2840.38742556
2.382,841,0,0,0,8,0,-57.0498936555,17.8032409491,1.15129852862,59.7743359871,97.8798987486,0.26440544761,6.67054337347,0.73715364339,0.000490302735956,2839.37382987
2.383,841,0,0,0,8,0,-57.1101943596,17.723660874,1.1443945722,59.8081273198,97.8455355853,0.26166866714,6.54288920769,0.73715364339,0.000490113324506,2838.35667004
2.384,841,0,0,0,8,0,-57.1703956485,17.6440499375,1.13748850093,59.8419628429,97.8111301978,0.265129176054,6.54235045783,0.73715364339,0.000490013903424,2837.33817694
2.385,841,0,0,0,8,0,-57.2304975165,17.5644083084,1.1305803294,59.8758423498,97.7766827941,0.26482402452,6.71963327656,0.73715364339,0.000489735468659,2836.31756678
2.386,841,0,0,0,8,0,-57.2904999582,17.4847361558,1.12367007217,59.9097656341,97.7421935817,0.262103646234,6.89500809174,0.73715364339,0.000489782274063,2835.29603572
2.387,841,0,0,0,8,0,-57.3504010783,17.4050361633,1.11675796194,59.9437314157,97.7076627698,0.261012054494,7.0152829451,0.73715364339,0.000488933139369,2834.27188462
2.388,841,0,0,0,8,0,-57.4102065399,17.3253009532,1.10984335878,59.9777427081,97.6730905625,0.263448513152,7.01574418131,0.73715364339,0.00048890280302,2833.24374913
2.389,841,0,0,0,8,0,-57.4699087901,17.2455407577,1.10292714997,60.0117950128,97.6384771661,0.263425774506,6.96686485409,0.73715364339,0.000490167339661,2832.21160286
2.39,841,0,0,0,8,0,-57.5295115991,17.1657507127,1.09600891362,60.0458902665,97.6038227905,0.262120196826,6.83477603316,0.73715364339,0.000491944165994,2831.17780678
2.391,841,0,0,0,8,0,-57.5890163717,17.0859290968,1.08908850041,60.0800290739,97.5691276394,0.259818418818,6.96146239611,0.73715364339,0.000492761013703,2830.14536385
2.392,841,0,0,0,8,0,-57.6484226312,17.006076706,1.0821659793,60.1142109655,97.5343919153,0.262398076127,6.99885742295,0.73715364339,0.000493451350939,2829.11283792
2.393,841,0,0,0,8,0,-57.707728968,16.926195597,1.07524152854,60.1484349288,97.4996158218,0.261082930694,7.06084520443,0.73715364339,0.000494128155743,2828.07437576
2.394,841,0,0,0,8,0,-57.7669339799,16.8462878287,1.0683153265,60.1826999451,97.4647995657,0.257834718463,7.28797431277,0.73715364339,0.000495262512208,2827.03299146
2.395,841,0,0,0,8,0,-57.8260409348,16.7663491551,1.06138700507,60.2170077018,97.4299433511,0.257772694011,7.26555327002,0.73715364339,0.000495310587267,2825.98867908
2.396,841,0,0,0,8,0,-57.8850512227,16.6863778489,1.05445641453,60.2513588154,97.3950473768,0.259014190435,7.32071977275,0.73715364339,0.00049545944929,2824.93988307
2.397,841,0,0,0,8,0,-57.9439597206,16.6063810155,1.04752417059,60.2857501025,97.3601118448,0.256140611471,7.17754735462,0.73715364339,0.000496454355251,2823.88957204
2.398,841,0,0,0,8,0,-58.0027650434,16.5263607172,1.04059045184,60.3201805346,97.3251369643,0.255958256152,6.95420848916,0.73715364339,0.000495542120959,2822.83859701
2.399,841,0,0,0,8,0,-58.0614736868,16.446308282,1.03365450677,60.3546537098,97.2901229378,0.254795343361,6.88036299262,0.73715364339,0.000496446942608,2821.78644646
2.4,841,0,0,0,8,0,-58.1200837914,16.3662263996,1.02671656841,60.3891683449,97.2550699626,0.255133305856,6.79912424497,0.73715364339,0.000496472136247,2820.73267107
2.401,841,0,0,0,8,0,-58.1785953537,16.2861152347,1.01977665097,60.4237242413,97.2199782377,0.257553688368,6.58356564967,0.73715364339,0.000495854953877,2819.67725539
2.402,841,0,0,0,8,0,-58.2370065276,16.2059774801,1.01283498767,60.4583201065,97.1848479636,0.261106320571,6.5385834508,0.73715364339,0.00049529869682,2818.61934957
2.403,841,0,0,0,8,0,-58.2953163966,16.1258145665,1.00589170234,60.4929551876,97.1496793438,0.26365686167,6.54494450881,0.73715364339,0.000495500170389,2817.55871103
2.404,841,0,0,0,8,0,-58.3535272638,16.0456234971,0.998946535343,60.5276306468,97.1144725795,0.264102405084,6.75579845787,0.73715364339,0.000496093301973,2816.49605776
2.405,841,0,0,0,8,0,-58.4116395872,15.9654038029,0.991999446012,60.5623465592,97.0792278686,0.269648339764,6.74379758053,0.73715364339,0.000496806563777,2815.43113891
2.406,841,0,0,0,8,0,-58.4696565687,15.8851512158,0.985050064708,60.5971046506,97.0439454044,0.270630566153,6.81613868204,0.73715364339,0.000496882746067,2814.3638167
2.407,841,0,0,0,8,0,-58.5275667738,15.8048817278,0.978099776153,60.6318978597,97.0086253893,0.265359406496,6.89599130541,0.73715364339,0.000497682233266,2813.29338638
2.408,841,0,0,0,8,0,-58.5853802639,15.7245815725,0.971147388253,60.6667320164,96.9732680266,0.265292764122,6.8692765214,0.73715364339,0.000501090639147,2812.21927144
2.409,841,0,0,0,8,0,-58.6430943,15.644254713,0.964193244098,60.7016052771,96.9378735113,0.260934143006,6.91742114331,0.73715364339,0.000500571284036,2811.14193909
2.41,841,0,0,0,8,0,-58.7007097938,15.5639000446,0.957237248001,60.7365179941,96.9024420396,0.258204833242,6.85401938434,0.73715364339,0.00050086150553,2810.05991549
2.411,841,0,0,0,8,0,-58.7582276527,15.4835164613,0.950279304176,60.771470524,96.8669738049,0.257520636434,6.77616937024,0.73715364339,0.000500265284654,2808.97163046
2.412,841,0,0,0,8,0,-58.81564425,15.4031091986,0.943319865755,60.8064604618,96.8314690032,0.256536812519,6.71169480832,0.73715364339,0.000500097653098,2807.87847664
2.413,841,0,0,0,8,0,-58.8729577869,15.3226809587,0.936359166511,60.8414864943,96.7959278362,0.259690984861,6.71949555491,0.73715364339,0.000499667394974,2806.78525313
2.414,841,0,0,0,8,0,-58.9301755022,15.2422217514,0.929396341768,60.8765528443,96.7603504987,0.260900560363,6.7919203206,0.73715364339,0.000499819731017,2805.69216897
2.415,841,0,0,0,8,0,-58.9872937827,15.1617368148,0.922431844812,60.9116571073,96.7247371817,0.263291329129,6.90899266115,0.73715364339,0.000499423815888,2804.60057225
2.416,841,0,0,0,8,0,-59.0443126329,15.0812263106,0.915465689578,60.9467990853,96.6890880795,0.26127579274,6.98765882961,0.73715364339,0.000499164195796,2803.50934533
2.417,841,0,0,0,8,0,-59.101230037,15.0006932594,0.90849813734,60.9819773295,96.6534033886,0.261748392867,7.22500219523,0.73715364339,0.000499734144379,2802.41560067
2.418,841,0,0,0,8,0,-59.1580520587,14.9201292443,0.901528459857,61.0171953928,96.6176833003,0.263349081223,7.40672198055,0.73715364339,0.000500629477059,2801.31906895
2.419,841,0,0,0,8,0,-59.2147726485,14.8395430051,0.894557413193,61.0524493315,96.5819280055,0.265354732637,7.38651703283,0.73715364339,0.000500242724984,2800.21795923
2.42,841,0,0,0,8,0,-59.2713902559,14.7589369302,0.887585203835,61.0877379649,96.5461377029,0.260980847401,7.36807516265,0.73715364339,0.000500948513862,2799.11391262
2.421,841,0,0,0,8,0,-59.3279120338,14.6783010051,0.880610965502,61.1230655511,96.510312585,0.263383085076,7.34586152145,0.73715364339,0.0005033746448,2798.00877474
2.422,841,0,0,0,8,0,-59.384333525,14.5976417501,0.873635262119,61.1584291119,96.4744528412,0.26075649896,7.28101653918,0.73715364339,0.00050410275964,2796.90256106
2.423,841,0,0,0,8,0,-59.4406574051,14.5169555068,0.866657777255,61.1938301273,96.4385586625,0.259264862776,7.19683146645,0.73715364339,0.000505353612848,2795.79487382
2.424,841,0,0,0,8,0,-59.4968810138,14.4362462536,0.859678854913,61.2292667276,96.4026302396,0.255620583123,7.16793148273,0.73715364339,0.000506944571626,2794.68499259
2.425,841,0,0,0,8,0,-59.5530030331,14.3555160617,0.852698674088,61.2647378733,96.3666677669,0.256296638132,7.15200661459,0.73715364339,0.000507797416539,2793.57612411
2.426,841,0,0,0,8,0,-59.609030108,14.2747555356,0.845716422417,61.3002475711,96.3306714326,0.257456508671,7.02266124167,0.73715364339,0.000507917342884,2792.46581792
2.427,841,0,0,0,8,0,-59.6649538481,14.1939769389,0.838733160112,61.3357903051,96.2946414264,0.259014625576,6.91195562108,0.73715364339,0.000508015631517,2791.35119236
2.428,841,0,0,0,8,0,-59.7207782394,14.1131746965,0.831748405125,61.3713683971,96.2585779426,0.259383642117,7.04885119978,0.73715364339,0.0005081572937,2790.23630367
2.429,841,0,0,0,8,0,-59.7765050487,14.0323464162,0.824761950649,61.4069827793,96.2224811681,0.258450640271,7.00156800225,0.73715364339,0.000506164574072,2789.1209145
2.43,841,0,0,0,8,0,-59.8321325232,13.9514948062,0.817774030733,61.4426321374,96.1863512898,0.256092291574,6.86576264591,0.73715364339,0.00050491317434,2788.00507683
2.431,841,0,0,0,8,0,-59.887660672,13.8706200245,0.810784658988,61.4783162781,96.1501884956,0.260811457243,6.86741839972,0.73715364339,0.000503276233458,2786.88459832
2.432,841,0,0,0,8,0,-59.9430877552,13.7897247815,0.803794069603,61.5140338791,96.113992975,0.259704068316,6.96802599727,0.73715364339,0.000503421735846,2785.75625388
2.433,841,0,0,0,8,0,-59.9984172807,13.7088041291,0.796801834944,61.5497870021,96.0777649147,0.257807423632,7.06669379188,0.73715364339,0.000504327988494,2784.62421882
2.434,841,0,0,0,8,0,-60.0536466378,13.6278620545,0.789808299502,61.5855737638,96.0415045003,0.259061168191,7.18097490746,0.73715364339,0.000504640017913,2783.48573666
2.435,841,0,0,0,8,0,-60.1087771445,13.5468967991,0.78281331129,61.6213948185,96.0052119183,0.26365674888,7.11929708128,0.73715364339,0.000505998395354,2782.34422099
2.436,841,0,0,0,8,0,-60.1638081587,13.4659094777,0.775816966579,61.6572495509,95.968887354,0.263616622628,7.14371667914,0.73715364339,0.000505866428716,2781.20123504
2.437,841,0,0,0,8,0,-60.2187399626,13.3848998475,0.768819244351,61.6931379462,95.9325309927,0.265031960151,7.78453659092,0.73715364339,0.000505923349177,2780.05881713
2.438,841,0,0,0,8,0,-60.2735728375,13.3038676652,0.761820123545,61.7290599908,95.8961430184,0.264056364617,7.12407681858,0.73715364339,0.000505627798032,2778.91518051
2.439,841,0,0,0,8,0,-60.3283060917,13.2228141254,0.754819707319,61.7650150335,95.8597236152,0.266849776193,6.97153407831,0.73715364339,0.000506750799434,2777.76654262
2.44,841,0,0,0,8,0,-60.3829403309,13.1417385048,0.747817933148,61.8010032734,95.8232729664,0.264603696681,6.85926798609,0.73715364339,0.000506158031936,2776.615078
2.441,841,0,0,0,8,0,-60.4374753511,13.0606412786,0.740814842029,61.837024379,95.7867912548,0.262959327402,6.87407462671,0.73715364339,0.000506464093448,2775.46149838
2.442,841,0,0,0,8,0,-60.4919124525,12.9795206821,0.733810281552,61.8730790153,95.7502786614,0.260469892379,6.90254696238,0.73715364339,0.000507178206708,2774.30497329
2.443,841,0,0,0,8,0,-60.5462477851,12.8983826303,0.726804762407,61.9091644306,95.7137353694,0.25736354415,6.96909945311,0.73715364339,0.000507425720126,2773.14742944
2.444,841,0,0,0,8,0,-60.6004856496,12.817220877,0.719797745254,61.9452832811,95.677161561,0.261313144384,6.96919202604,0.73715364339,0.000510346960027,2771.98480935
2.445,841,0,0,0,8,0,-60.6546243443,12.7360381373,0.712789464458,61.9814342413,95.6405574156,0.25945334485,6.78393382678,0.73715364339,0.000512104831728,2770.82035164
2.446,841,0,0,0,8,0,-60.7086638825,12.6548345653,0.705779933295,62.0176171228,95.6039231142,0.261625734823,6.82708213755,0.73715364339,0.00051205781948,2769.65375156
2.447,841,0,0,0,8,0,-60.7626042775,12.573610315,0.698769165013,62.0538317373,95.5672588378,0.26353849841,6.98035482962,0.73715364339,0.000511550856196,2768.4865576
2.448,841,0,0,0,8,0,-60.8164455432,12.49236554,0.691757172844,62.0900778972,95.5305647669,0.260190342772,7.1565240671,0.73715364339,0.000512198468771,2767.32105291
2.449,841,0,0,0,8,0,-60.8701859976,12.4111029581,0.684744191298,62.1263542679,95.4938410835,0.262157482246,7.05568224261,0.73715364339,0.000513258291315,2766.15516051
2.45,841,0,0,0,8,0,-60.9238282003,12.3298188764,0.677729901619,62.1626623781,95.4570879682,0.265153099328,7.07404364215,0.73715364339,0.00051398612335,2764.98994596
2.451,841,0,0,0,8,0,-60.9773713181,12.2485147299,0.670714427619,62.1990014694,95.4203055992,0.265634286318,7.08434697157,0.73715364339,0.000512664194549,2763.82740287
2.452,841,0,0,0,8,0,-61.0308155763,12.1671903504,0.663697754759,62.2353714992,95.3834941547,0.260559094129,6.80145077809,0.73715364339,0.000515234322793,2762.66356989
2.453,841,0,0,0,8,0,-61.0841611999,12.0858455695,0.656679868464,62.2717724259,95.3466538117,0.262887220564,6.57410106165,0.73715364339,0.000513592311144,2761.49811673
2.454,841,0,0,0,8,0,-61.1374088324,12.0044795761,0.649660698749,62.3082044971,95.3097847461,0.271404740323,6.63040710794,0.73715364339,0.00051418342455,2760.33104538
2.455,841,0,0,0,8,0,-61.190556599,11.9230954105,0.642640507859,62.3446662344,95.2728871348,0.272008060726,6.68386167243,0.73715364339,0.000514593930431,2759.16086214
2.456,841,0,0,0,8,0,-61.2436053554,11.8416919406,0.635619198097,62.3811580263,95.2359611552,0.274942825886,6.69009834172,0.73715364339,0.000514783835013,2757.98262143
2.457,841,0,0,0,8,0,-61.2965551178,11.7602693178,0.628596782491,62.4176796881,95.1990069835,0.277815109428,6.64050283846,0.73715364339,0.000515237441025,2756.80445786
2.458,841,0,0,0,8,0,-61.3494092379,11.6788225534,0.621572830781,62.4542333462,95.1620247919,0.27745795051,6.63783637747,0.73715364339,0.000515275078614,2755.62448307
2.459,841,0,0,0,8,0,-61.4021544029,11.5973723603,0.614549129143,62.4908095772,95.1250147627,0.276438496511,6.77076715133,0.73715364339,0.000515779636373,2754.44200938
2.46,841,0,0,0,8,0,-61.4548072821,11.5158931848,0.607523473944,62.5274197348,95.0879770744,0.277542528675,6.86871863318,0.73715364339,0.000517026352888,2753.25022417
2.461,841,0,0,0,8,0,-61.507361234,11.4343954594,0.600496764787,62.5640590264,95.0509118946,0.278711324835,7.0172053404,0.73715364339,0.000518245800654,2752.05510612
2.462,841,0,0,0,8,0,-61.5598146207,11.3528819066,0.593469236354,62.6007261097,95.0138193996,0.279895987501,6.99860772386,0.73715364339,0.000519110669399,2750.86030386
2.463,841,0,0,0,8,0,-61.6121703573,11.2713481749,0.586440513455,62.6374228261,94.9766997637,0.279100582923,6.94940860932,0.73715364339,0.000518072734236,2749.66124338
2.464,841,0,0,0,8,0,-61.6644272201,11.1897963431,0.579410775288,62.6741481269,94.9395531589,0.28130858077,7.02053938815,0.73715364339,0.000519891377586,2748.45913594
2.465,841,0,0,0,8,0,-61.7165856387,11.1082259171,0.572379979236,62.7109021204,94.9023797573,0.281682320541,6.91176445608,0.73715364339,0.000520214685654,2747.25249202
2.466,841,0,0,0,8,0,-61.7686443976,11.0266389765,0.56534830453,62.7476837544,94.8651797317,0.277259215169,6.88286896132,0.73715364339,0.000520250037982,2746.04368519
2.467,841,0,0,0,8,0,-61.8206051583,10.9450330958,0.558315542082,62.7844940081,94.8279532538,0.277563316511,6.91141897873,0.73715364339,0.000520259788947,2744.83263148
2.468,841,0,0,0,8,0,-61.8724662999,10.8634109985,0.551281926597,62.8213315388,94.7907004948,0.283845758188,6.92785067797,0.73715364339,0.000518820484285,2743.61504781
2.469,841,0,0,0,8,0,-61.9242302945,10.7817689693,0.544247137889,62.858197911,94.7534216246,0.285686708639,6.83528752086,0.73715364339,0.00052006969324,2742.39227634
2.47,841,0,0,0,8,0,-61.9758947099,10.7001110202,0.537211521658,62.8950912008,94.7161168123,0.287875941597,6.86371597452,0.73715364339,0.000519751018535,2741.16867898
2.471,841,0,0,0,8,0,-62.0274603821,10.618436011,0.530174979625,62.9320118087,94.6787862282,0.290076097712,6.75698300227,0.73715364339,0.000521792679314,2739.9438252
2.472,841,0,0,0,8,0,-62.0789257069,10.5367466671,0.523137746557,62.9689583871,94.6414300429,0.281514610679,6.64686603077,0.73715364339,0.000519710329035,2738.71174913
2.473,841,0,0,0,8,0,-62.1302955733,10.4550354018,0.516099168878,63.0059342573,94.6040484231,0.280923473862,6.53252140386,0.73715364339,0.000519485245798,2737.48353496
2.474,841,0,0,0,8,0,-62.1815618998,10.3733152544,0.509060369767,63.0429334036,94.5666415385,0.280620282075,6.56868790995,0.73715364339,0.00051909732753,2736.25855621
2.475,841,0,0,0,8,0,-62.2327327992,10.2915734778,0.502020251236,63.0799614826,94.5292095583,0.276466852443,6.82888318264,0.73715364339,0.000520034372163,2735.03389518
2.476,841,0,0,0,8,0,-62.2838050565,10.2098153763,0.494979270144,63.1170159847,94.4917526463,0.274894506718,6.98802027526,0.73715364339,0.000523006761972,2733.80656216
2.477,841,0,0,0,8,0,-62.3347819095,10.1280359353,0.487936994655,63.1540990762,94.4542709661,0.278258768043,6.92853507526,0.73715364339,0.000522876767333,2732.57345936
2.478,841,0,0,0,8,0,-62.3856537346,10.0462507846,0.480894770641,63.1912035532,94.4167646875,0.275364780683,6.94019030188,0.73715364339,0.000523994278422,2731.32952467
2.479,841,0,0,0,8,0,-62.4364301917,9.96444458521,0.473851277273,63.2283362584,94.3792339804,0.273873950407,7.08872115967,0.73715364339,0.00052356601873,2730.07986352
2.48,841,0,0,0,8,0,-62.4871080915,9.88262264453,0.466806971539,63.2654946769,94.3416790068,0.274580634425,7.12257061531,0.73715364339,0.000524695195864,2728.82034706
2.481,841,0,0,0,8,0,-62.5376842637,9.80079027272,0.459762310558,63.3026762816,94.3040999357,0.270899149263,7.07337621992,0.73715364339,0.000523245956409,2727.55532139
2.482,841,0,0,0,8,0,-62.5881683005,9.71893211915,0.452715972872,63.339887942,94.2664969284,0.274337117298,7.06838008366,0.73715364339,0.000523069202214,2726.28977321
2.483,841,0,0,0,8,0,-62.6385538399,9.63705865834,0.445668860181,63.3771247965,94.2288701423,0.271787954011,6.97300434607,0.73715364339,0.00052294041134,2725.02164082
2.484,841,0,0,0,8,0,-62.6888345573,9.55518037037,0.43862187446,63.4143819588,94.191219748,0.273776542154,6.93802156664,0.73715364339,0.000524371669495,2723.75353019
2.485,841,0,0,0,8,0,-62.7390168349,9.4732870658,0.43157413866,63.4516639457,94.1535459156,0.270837601887,7.09223683757,0.73715364339,0.000524920375674,2722.48804545
2.486,841,0,0,0,8,0,-62.7891070176,9.39136854927,0.424524775427,63.4889752995,94.1158488012,0.271086255234,7.16525887331,0.73715364339,0.000527776330977,2721.22041065
2.487,841,0,0,0,8,0,-62.8390924843,9.30944564316,0.417475576588,63.5263064273,94.0781285676,0.273145327558,7.12932752783,0.73715364339,0.000528901793362,2719.94817919
2.488,841,0,0,0,8,0,-62.8889858778,9.22749780855,0.41042477483,63.5636665796,94.0403853768,0.268474067485,7.04429588286,0.73715364339,0.000529518850365,2718.6669817
2.489,841,0,0,0,8,0,-62.9387714845,9.14555104714,0.403374607301,63.6010437887,94.0026193938,0.267801914731,7.07941995188,0.73715364339,0.000528895587067,2717.38037797
2.49,841,0,0,0,8,0,-62.9884650466,9.06357964065,0.396322861326,63.6384496719,93.9648307832,0.272566139594,7.00673558141,0.73715364339,0.000528589686025,2716.09060046
2.491,841,0,0,0,8,0,-63.0380634333,8.9815889024,0.389269994095,63.6758817116,93.9270196955,0.274813208884,6.95592525381,0.73715364339,0.0005289877023,2714.79743912
2.492,841,0,0,0,8,0,-63.0875572847,8.8995944984,0.382217353162,63.7133326431,93.8891862946,0.276054037252,6.89199747289,0.73715364339,0.000530484110275,2713.50479066
2.493,841,0,0,0,8,0,-63.1369591207,8.81757587041,0.375163170235,63.7508117489,93.8513307402,0.266995770102,6.95896173438,0.73715364339,0.00053093598089,2712.20931909
2.494,841,0,0,0,8,0,-63.1862564953,8.73555386429,0.368109238207,63.7883093961,93.8134531918,0.265898052594,7.09851333011,0.73715364339,0.000529276349824,2710.90456201
2.495,841,0,0,0,8,0,-63.235461879,8.65350791431,0.361053788414,63.8258348799,93.7755538083,0.267623133357,7.18951443086,0.73715364339,0.000529561137584,2709.59375098
2.496,841,0,0,0,8,0,-63.2845628759,8.57145887272,0.353998614025,63.8633785563,93.7376327481,0.269642502168,7.31743587644,0.73715364339,0.00052928204197,2708.2825114
2.497,841,0,0,0,8,0,-63.3335657217,8.48939652526,0.346942836677,63.900944983,93.699690176,0.272558297654,7.2319632428,0.73715364339,0.00052910966331,2706.96502626
2.498,841,0,0,0,8,0,-63.3824766151,8.40731065236,0.339885577758,63.9385387421,93.6617262428,0.27590199458,7.09265683556,0.73715364339,0.000529462410336,2705.64751727
2.499,841,0,0,0,8,0,-63.4312832352,8.32522211558,0.332828630827,63.9761501736,93.6237411056,0.274344520226,6.99721933466,0.73715364339,0.000530971343168,2704.32782602
2.5,841,0,0,0,8,0,-63.4799979295,8.24311033112,0.325770226354,64.0137886029,93.585734921,0.275261360146,6.98729007599,0.73715364339,0.000530833420168,2702.99812321
2.501,841,0,0,0,8,0,-63.5286145632,8.16098580124,0.318711267197,64.0514491205,93.5477078381,0.275384008814,6.95428388574,0.73715364339,0.000530213707028,2701.66599219
